1000
181.95862578550697 47.57530601216102 1.2238487497975044 12.09183846694889 9.293241575486563
591.3823192675632 589.1338077361215 12.113462742590949 42.00286677936575 14.81726681749799
789.6273101085347 452.7285402329036 38.0984143906145 36.83383198915277 8.78339174262284
625.8191094756526 480.7870172653319 14.039028804065161 37.65959151908498 22.105974194803316
621.7047756357979 225.17961536623963 6.196056962907857 33.3611645245696 22.318921219712774
17.44766579705464 304.8728285264316 33.77505610353951 40.59785396975397 5.883956223071385
149.20318081143074 280.83033308248383 8.649243527837822 20.217236437592415 11.39885387679151
647.0058160257717 404.8343041448286 4.118107921469108 2.418398053257553 21.883560740850644
313.4510232364007 114.46614010984156 19.242347182302318 48.19981624896993 13.630346176278621
780.1048296384132 280.9081981845476 41.02172754013369 20.636243076956767 13.342877593943852
642.7598863360433 231.39388132429323 36.78301268006462 28.289703226345367 21.218505879056764
675.6936653614838 577.7274410524136 49.42817213500579 45.09059658505415 21.531042195758804
762.1954059786797 295.27487384147844 14.852958600208073 48.847294266101215 9.984283239785267
221.90810338921452 541.8047686187329 18.56442636767216 13.50413466740199 7.575124228974981
139.82455604263643 519.8896826262566 4.614062629826508 40.77107605419793 7.5186223888342845
145.47017977816972 47.57321165361383 26.67011830809807 11.419657464977735 22.76996923308174
769.2640444741062 425.66346394576294 40.70485399075764 23.64997518975788 7.239713683860156
586.5906983109436 53.33217749447826 16.1807703034946 36.422314477689056 20.372772994937833
73.400079135636 391.6017206747467 29.231887193716762 10.378310853915059 10.286892298866562
330.01066883805 457.83303800837706 8.882403250026721 2.384060714841428 24.68330796506963
209.4661981557586 232.7782920937801 22.269149234648943 4.793555529235666 20.316503595999187
229.7828412028035 220.03891303446056 46.56990127598218 43.06971332761426 14.101905883950552
207.96898771858184 583.2732767428182 6.5338368153897655 10.901914804979528 19.881492669913488
777.3066224151298 225.42339964041383 10.571682085834919 14.774985337018947 19.016323013780113
253.483766280516 327.2328693593115 16.2438082923913 47.38686730066391 20.25950095634569
549.4368376000933 60.04728691449455 11.890283729257227 21.25849125301675 7.033718901879991
74.3791284066089 365.92191321653286 48.894387097696736 30.76629817564012 9.988523528055568
512.9166309432828 514.4969029689967 12.098850519553771 26.44217012360547 15.545990837407402
121.87881761134815 428.8292171271656 18.461429850117977 7.642824702831954 18.18162026014633
708.4483711263931 553.9113625110807 8.92640458693924 30.626506974201895 12.258863073062908
378.36715523433634 240.28511765482529 26.563488989639637 3.5507128051431405 5.692371885033358
671.2029008096703 473.0051403575733 39.26303429204428 37.06478254158041 9.55324553793162
351.8621291160212 314.03808582688 29.446340498015342 5.465737824325511 15.722753680341267
483.05124397220294 400.8507976211876 42.175053091749746 48.00915253571053 18.86972456694937
599.5156616166605 167.84482568470196 2.4139991382084167 46.83914246372439 22.399371677241092
140.13547914358355 533.7709662324604 31.19891648530087 2.9535600607969346 21.2643908302083
419.788137947914 424.54650704069246 39.975881547523144 15.223947398258224 14.649630890159376
357.21316053338614 336.9564152852925 9.392836758433027 36.005137870292664 13.489857973043097
765.5443143299987 289.1776625103349 3.542018938470552 11.065266865224382 8.405888026643352
432.42776906566263 56.23765149855959 15.281873722281318 39.69612813701484 23.085042794408654
615.2264045590747 153.3859797650779 35.837698862381764 45.86273354229966 24.335032053258264
365.473050715321 468.0593349784205 33.3038142527068 5.259559472180723 7.7493336412031155
283.0008599634586 473.4890615091899 41.264000115498604 44.72280491287991 24.07775111058828
601.5115255070971 473.3140432569424 26.720786802632507 43.41934661279768 24.531997569214443
142.40735792645793 568.6725764486437 26.46799984657599 18.7946414057646 5.093037458663392
378.43577396698885 78.86354622588634 1.229608821285865 12.152641216499507 22.949277325568666
309.6465092117381 120.61347855714644 18.250743407480396 14.421839865473677 13.908736786557869
203.16539177089044 489.79949642766405 35.9099451068092 47.060671079023344 6.975451338762387
167.8489599896449 292.82000267939674 15.305156015055262 39.19288715220778 17.710281770218664
84.47818286744932 29.66255149738612 49.37408723319777 40.90381404579702 6.928433091138371
504.1210675486177 203.49876642834707 27.890989344465257 26.788350533933542 14.151574609181814
700.4809839897705 298.74923149451473 36.40935316184551 48.31494581223083 10.636029669464417
479.04410902407807 301.2292624625739 44.49870264064118 31.408195180117584 15.001455676276855
346.1202373985253 376.49388834759935 8.370665114082673 3.5783646340971824 20.039081539593052
398.8271241012765 249.24232558411853 48.4860615970243 30.12703146899451 8.265748867556745
189.28185695086992 221.83020916047334 37.62682240927309 30.853706744394344 14.738119596291542
174.22309560133823 400.91394499828726 32.075688886331 22.230412116046274 9.83058789888381
637.9788336575106 445.9310507164523 15.48252714231387 16.117637043322517 7.159206047962378
240.38811950653465 44.1071000399001 43.54207393513941 40.096570426314926 15.102136714430348
179.1043724221794 281.21959823337204 27.885603893547074 2.0009804049602615 18.30301759608883
143.40220020207423 54.28717887885595 35.784504215214724 33.62348430083067 5.77791476030646
77.24628013247872 117.8705749289411 34.53453566984503 36.3038355521435 10.81231379393072
714.513844583566 506.62018556720534 41.24750622015549 19.381912116986552 10.545302037338708
649.4070072387474 189.9123501865398 45.57790505995557 8.29273615402547 23.772452037285284
108.19008105114202 324.4171819474108 2.6107161332249493 17.375823579776334 21.495426352256437
55.22409730755755 406.64264251455177 8.250307423840386 45.51676437461047 16.735849939950477
110.64807026015424 298.84240761043276 26.201481369124256 38.489640511635756 22.260062747531887
777.7931197593176 338.4313268154043 24.527492336431113 40.24655947504237 8.485061581212442
748.145152099143 247.44990093046874 23.390128939053074 39.82784897925806 17.78246900166097
77.59253015584208 266.55692206432525 1.1689409736926826 17.24236841907947 17.633687100463526
242.37636237377447 181.19664660401057 13.591871849493304 46.34045703512253 19.23970587828456
716.7138997072756 490.87298900755235 24.51367270579459 38.223778948701444 19.985439046309615
22.862593002750597 577.6033258374082 13.031163480122585 34.46444860704423 7.526044135288743
529.8099005461124 326.59089751792993 39.723081961426466 46.55172536056339 13.367687293241907
66.23810683794937 24.853575569561677 20.31240250673311 20.286839310599404 23.02903406135121
329.3628502438381 119.97336689092523 46.14432681551153 29.478195866039194 10.227392373468236
335.41606673509426 508.1548208468192 6.601855943279938 19.69234666108181 12.888753386151118
478.3101382796181 114.33637173463968 18.373494628039122 22.184210127530353 16.487876303536368
710.3153967130169 5.597484146678945 3.9542080806565054 6.544313511842612 15.796178916342294
386.279059636336 37.443788502922835 5.907217956236333 7.353722305993686 10.940097468074931
574.2900417338459 222.1735552071981 30.93615239654529 44.5608175970467 11.490591569008132
578.006035026275 579.5401209448129 36.9150523209106 6.439790882070899 20.770297256975667
794.7624881497354 398.33135727165217 33.20982818347789 13.791371623196907 11.852925487540102
199.546280520473 498.20261003131156 6.276713118586315 26.117657186230716 7.757848962066463
263.5096359097336 19.392012154695145 12.469866572100774 9.528933383734374 23.819098017478087
166.0049956064642 362.60850714995627 31.195009485777366 40.81299739823397 17.326141171546205
385.29289866882743 99.92875367838225 1.9864447780459227 22.865929780790697 13.774050701850879
671.4062350179958 531.3185763549669 2.2070994213981576 42.09698962950034 14.171149867160546
690.311017642101 242.5664245550275 24.72857559012978 21.633501954784744 17.715630962470858
226.40785916967363 283.2908153376409 45.51666147990102 41.18487873502522 7.865285850384726
43.55734839745246 552.0019444459397 24.44015880055045 34.06530718652546 11.941975519029477
532.5985148874552 146.4836938947416 14.204070319048625 7.622024463096675 17.938911035701977
32.39137271659602 45.942734958832155 49.257876793490674 25.56907881032552 22.52383732336799
389.58604925112866 217.41499406383912 2.9399721371604346 23.429294210307063 7.841902936932563
501.3241831068794 8.329038689198637 46.2144402163205 21.542072561842794 7.143805098347822
306.7964917057096 192.64759192253027 15.432535616849163 41.77481229402774 12.308561970704176
120.53822158929715 474.02551803782984 45.810864594398105 13.254907042407641 15.349648065499085
585.4207615021836 527.0196595888851 12.535468434310161 19.486186925443604 13.479325818971562
676.4150457929873 412.1695664922582 27.393384750401204 48.679691027303676 19.77361192869079
41.12753866016594 43.07249609659429 22.99176434072139 23.08924437748753 12.222902851440274
87.25954398931741 334.73921665339833 13.288344972486414 40.43337553610628 24.870429835236123
651.6377802797351 185.50962261796104 45.39868948544047 8.307019896699588 6.065902973770991
737.4520025039715 580.4965531277475 5.064232161096512 2.129775831011509 16.243599289328216
278.94736192541984 256.50747524667696 18.567983126719017 26.1553791509709 11.649568566506352
9.921080339516978 267.2767021890174 37.26420307229529 17.72056394026208 14.244189133383813
7.5850190758585025 42.55811354089985 33.88970203199974 6.586345535502478 24.43308901476643
629.6382201260235 263.28461875112873 22.923605764625428 2.396832027870711 13.383565732259509
603.782854558379 375.4323103385753 31.159882668380803 12.542445126992016 22.250993905901815
283.8448111954374 241.44720310788833 4.921526608173332 2.311647223960373 13.90801960545522
298.5744493625001 429.3864671653482 16.125647836714748 22.858518833360353 12.17156433004984
63.02311214867484 470.4173748558544 39.05826846415464 28.466738746715432 14.90887252382622
666.6639747915764 469.38601397714285 45.46411485342271 13.57314890288621 5.819810454901672
394.8314642726539 154.16631890704073 26.874487829366085 45.23244547487821 17.418251873660168
344.2489478228874 575.773653437601 5.224062661295233 2.359856799277474 19.91069518424559
239.99373751430895 578.5137522794649 29.883669866574504 11.991821676723426 10.462888000679385
458.93479588307815 10.271911994410626 48.80568036158565 26.256319737764986 13.236629624173979
159.64340662531973 139.8727598811597 2.656655849722873 35.623098276111676 8.973060566041136
366.3340617064817 131.68023684113103 26.170624381809134 3.034072483845888 14.881186442959628
410.08739414151097 369.021646477598 10.232407073802612 8.968212747148332 7.2906819420072955
675.0649584507248 359.22066622107667 47.20224576157479 20.11560698800443 11.164206617370699
71.11785652322544 145.11211359564595 2.618313427333543 18.040837994918867 19.871550274916885
488.59816182461435 158.7177961905183 27.467271969918666 8.19262168564152 20.000305294317393
683.6371768874883 457.2887670353039 7.749722285687993 21.670298649340104 7.276503771064913
474.9776329512906 527.0944216189228 31.261740854792592 19.738826795008166 14.274001812550887
207.7785506871718 7.295106174021631 12.593547662356821 43.17604939208933 12.90163265765596
436.86979282544485 497.85286530863357 30.90506630523415 36.6316248072107 12.863590028984992
509.2399891731134 317.9941749675853 37.07445801981528 32.8424092541397 7.878378756584066
240.96584727557214 35.03007425678928 18.12922815071447 47.61575025828503 5.508189415650859
512.0730653588755 535.7182352825157 5.972253550753174 9.689306399912544 8.512286207106456
643.548583963709 151.70476283944168 39.9009184326267 48.4533156906244 21.29648044873271
17.57780582221332 287.310568402669 11.761440269943886 34.78950279354054 14.41892128673092
536.3890952913265 329.54611604494687 44.621858701432046 29.231522998642596 19.712202670354962
372.68586025095726 543.3268327304057 9.742891331632773 49.096758275803445 14.61406909559113
545.1967853031183 512.5805053882234 20.838282145064124 23.44251339410646 16.51384888462783
771.7268288591013 548.4659699516008 44.535047416481724 32.05645229986812 23.24225840595382
198.02291979467768 360.6774587703349 25.01984232478659 38.43857269495561 6.92992445112278
626.761154315408 556.4061257254516 10.65873436666318 12.75727112505061 22.965041385818413
457.51138580394553 394.985173729385 7.7591234033592205 29.60740739066637 7.454934674339291
659.7545405541327 140.98494487272123 24.253730645520342 40.839639641307706 10.42272738821959
601.1791361945774 137.35420617602244 8.716707824239458 25.84178006991457 20.735670467812774
125.31798035491144 448.4031580538279 28.92351201823991 37.046890651244645 9.337525836804623
113.25192204442156 255.75472473499664 38.567969765735725 13.408968942123842 20.5057188840291
599.1337277378292 398.81336006978313 41.91160196375098 1.1349159086232556 19.0118043623699
570.5201830334001 119.8050421729706 30.073734994511018 32.299843841941595 14.184142749218742
313.648486682624 445.4125502455299 48.69176609341423 4.744744443987534 22.02442840143512
571.5372447879575 320.178523994259 43.62856342259637 18.274600347913193 7.590304268664257
260.2932932980678 414.76669677664154 25.105677377498132 42.89259281498719 19.235487434785533
539.8609229876873 324.14273556496454 41.37129330255541 32.670189828198765 11.29156129750733
704.0635798940707 268.5018087083502 40.23490062305382 10.499149976621679 23.732114253802578
377.32466955953043 2.512391344793718 44.25961425018452 46.219188213050344 22.50740344251528
666.4793153102805 112.2912494037013 31.65620879959328 10.122969454742837 20.6051548897082
733.1824112039629 411.47864291907445 47.703906090172715 37.60545064558106 15.418209729850359
790.9845056159562 200.00668023492952 28.835829843991277 15.993742967532354 5.520113958597738
645.8480551870979 260.1286858226936 1.168380352219994 12.780471109513506 20.40756094516302
47.015734356858545 82.38853311174603 43.482526567972215 14.975014576750889 22.580683409489836
210.57654242287026 414.9154993938376 39.02624259224191 23.546419090701598 17.504670950622007
778.0761269931178 195.19502317318063 40.343271515952424 34.090608016508 18.186224652172356
300.3165198704664 112.20779279286565 7.299285549492536 43.015738337058075 8.45127213983628
691.0324345733881 365.72696309475367 32.408156850215505 42.296167543214175 21.22541317919904
608.8969248414638 528.5812840130749 11.323804717769177 24.049596206422034 16.821052519126077
205.877519161115 289.27741369419454 27.84118267430491 13.790916033522644 6.358844235216575
630.2636642823612 314.3464737633184 2.9194972197332865 10.003090828556445 6.957691914653674
612.7701028648668 555.4516248335126 43.296468034361006 23.07282276227984 23.218303968003667
629.5106234333446 513.4952220326877 32.05495939934131 16.23681419846563 24.720529851604073
14.207910049807923 148.63527829705433 19.06944510243577 27.32326255065555 23.54666059447607
772.5871068377938 325.7415620719373 26.014370291700804 19.143094320788613 9.748157019971215
71.67382008093078 469.0013813302522 25.801920737581607 43.44891749118475 15.639430008674136
686.7270597340187 13.49506826609127 12.59004771379324 14.460124306104749 7.845579451087117
690.5105731324907 256.34286587485065 34.0688841080985 17.045915992730567 12.509099960579853
331.5317169686517 215.7032053241557 44.2228972647045 5.565417486669968 19.908272798170625
568.6541705515117 127.35396169068146 46.06202390422403 20.724142014200172 20.120724405609167
148.2243370728541 420.7079149207821 23.358665071457025 1.2370215673977816 21.31729435740496
613.2443711213779 521.5762599497583 12.016823178355901 25.131358902869923 14.549218372834186
343.644578738961 209.16006457510895 44.60676649272462 17.110073830682627 22.83685741737193
248.12287720340376 481.5438329528404 40.85138572422925 42.84364671881201 23.25468099282656
429.1000768172353 350.1103803474386 19.807797071331944 21.129258469106567 24.645204523047376
356.4430893200323 196.33335357713077 46.3688008626148 35.19004972101372 23.69400203208681
469.06813885102457 228.53954538519423 12.51636910107216 18.67422397613246 22.21955546667526
187.70070249853626 359.03338769917485 25.071799353513715 18.407711349893397 21.57948866337048
392.04285165526653 74.6015777117487 40.07136715651267 45.51291421060418 23.427067040679994
255.63408157770255 329.03080526064497 21.22775733250578 15.084993901957745 7.21532518540887
67.43820232793111 253.93954912600663 22.693069364691688 4.19296125140335 6.459472313091137
681.8495116835122 166.5674345926729 13.961078040539274 22.15271079434417 9.009864440789583
393.5521961719641 493.70131856574983 7.455823930818877 25.118035009626894 18.365111398323975
290.4432395658911 146.99946440407524 22.323892681589875 25.18973188638369 12.558091842892086
669.1162167942028 286.8534914428321 3.5292692818439733 49.15636471989126 13.116705196519272
452.0957736541035 175.50181195794272 48.068396797610646 15.183795614136551 7.258628814765194
388.128827144197 340.4882219597469 13.456783278574909 40.80310121802932 9.707260173396419
267.4100123539375 348.6670149694203 39.10656849025527 41.24955830729818 12.4803708061515
306.51095176470807 322.8691026327253 4.096290472543668 40.35509713829027 17.053190027583675
408.9915412863983 326.27117397785435 5.865201629998628 4.975066997411442 15.594845911845898
94.91392631455093 190.7066155788891 20.038301614454387 13.272710426585618 19.92887940569874
439.79658529152397 299.29683103996484 15.224047317150132 23.8192789361265 5.073617719811702
367.8321796869428 75.73171296929577 44.1448208782002 33.49313330959504 24.24879686813466
25.500267330137085 516.6469609533202 30.83825997950004 24.294631978154747 15.210140859271661
386.37504455593165 357.09837586241804 45.32925377406289 48.34630612381951 20.302637563429897
611.4968548975969 571.5446040537082 31.097515302434005 2.9705169618916503 23.319352412500184
328.76986242429075 594.9462908317138 33.78362638663241 5.408722508142972 7.649155594732315
640.0977510407095 329.73566673303367 46.045240911593396 18.759751589870334 5.5155732503988
506.31805838320514 240.95492883918533 48.720344080199084 1.9414273430321458 17.96109376143349
555.5362310573096 331.79925053644905 18.3827525989636 36.587574189766094 19.95194613034804
58.30475920590696 531.6880974800803 9.94949461351375 25.903527347936294 13.925210706322117
16.54484937263456 360.278642599004 44.4032357565361 46.68144209905094 14.86724496263341
550.7486420261423 267.63700950694323 14.58066941263742 48.14688567123143 19.13865179181879
354.10024036291753 439.29254311239424 38.855989551963866 10.103083070516115 17.635456780567186
613.1320153731194 213.19979466248117 31.094818717072908 48.594843499996635 20.669045474875
110.01729542668879 49.73882778826896 14.426927309166546 34.21818164231737 16.51958595584275
445.91343133634 289.37373784493354 3.454330448962864 37.62941460691873 11.486568274632303
328.5397555261304 479.29140134580183 27.659880568711923 11.963129495102377 11.825722352661487
515.0171006857377 258.0739688542727 47.73897911670914 9.777174070646232 12.320041610948525
396.0685608427773 129.8955739374476 23.735643030094334 5.6250370853326235 12.031052099540002
541.2200828824684 493.03009666834043 37.645448741328075 20.141785492780897 23.686708575989506
222.3728438621361 394.3299657307098 38.901213282498595 12.456308135629392 24.177211582442673
38.80395026983072 273.8529468674986 33.65563664580066 45.006912056522616 10.009970398419753
487.75536111336805 317.2182052566181 31.407344845250346 48.55732362147793 18.89774698980161
114.66723412248312 228.7207599842094 26.554046218954362 30.08100976539814 24.046804996947856
197.93830447547433 560.3931831157713 12.30387052299897 45.79208296007603 7.96741401949582
209.7580720294365 102.22347202357014 12.500302533845705 31.00770555355459 15.535151698577694
713.1717429175958 136.14975602671828 41.17260558789037 10.967052088833974 16.866264195364288
646.9094161098745 139.1506950729442 25.985597582524917 22.88219727896219 11.34197605168017
98.05273031837051 448.23161116265766 36.98872713900526 30.47111729792106 23.749821799516084
181.452319236536 123.74224379899894 13.621003032624053 30.534101665618245 12.808334358696449
448.6156102124535 308.6064701643287 26.512953200050237 1.1157506818219476 8.177819833290679
635.1385309185833 157.37702910340002 33.92366612243973 20.526776974050204 10.874313862018504
539.7831388083154 465.5667859391749 35.47659214909597 42.05365931292733 13.309851650060512
65.49171345868639 183.49871791855637 17.63960512585673 34.027372492666245 11.412493663901666
485.65314697572524 263.48478871326984 16.955462763521222 10.618840954459001 10.921535832171447
565.5828658144453 248.31380985829406 25.92788120853028 45.59321285799746 16.554372039980382
370.2693842433267 531.8395429975624 8.690945719780288 23.401827312525768 22.98632253940664
554.0235143840686 435.40501584267395 48.14231383022009 22.249949352563274 16.273273972898725
85.44971400697456 527.7666195893532 10.239313390208299 6.2346319618473895 11.725514872957309
549.6060061109919 518.7407388892282 28.398623476935118 30.084014029374043 15.765418414760958
318.41494530243347 409.35836802642564 43.07416573952103 28.34762181612581 23.53439734570283
279.19164532354296 539.8984350498062 44.475126186565284 18.59367477539218 24.986321021440048
396.90192582972725 133.92461756809297 5.5700084766742854 6.31505643061245 14.190114333838595
63.132375145893526 527.8288734602819 49.435135516963534 9.724744505966608 17.853346943202858
389.21267941658556 411.22263885423405 43.92406468381504 11.520669971310943 22.944170379880386
588.4703240836162 541.7501057320825 21.203456916147818 44.42216085115097 9.980301610405302
216.33425457608135 590.7535149357635 37.8733006743567 28.44566524110827 12.768634336455555
756.43259736866 39.26072523233377 46.90537236708102 17.548910998675424 19.29217589131173
451.48114980658335 587.2257538636376 27.707021765088303 33.75825652459761 10.992366641220631
345.149159023847 77.39430117611708 48.26490308351613 20.62877264047361 16.465919839920495
71.81443597540665 316.48944646135345 3.813365622069121 13.818956228862186 18.22638972276738
387.1710525480329 314.8991553408769 27.643755396361627 14.357004354227978 18.90709220676071
164.85992908588042 72.08540146679978 36.409595778082206 3.1148592974860723 9.792901100078266
533.1430253013273 232.7258311023138 6.220088473632154 16.56934393783779 19.015780530647433
400.49523920069174 178.1282642176969 42.348575602029754 48.308009036173914 20.359934342679978
184.04986558880677 516.6489330716588 36.39710977900811 47.06866399280427 24.994028958056948
664.046712180243 25.80377956273764 12.952486649542829 16.989408686766332 13.225326193986827
110.76203897646572 534.658971401776 1.2887439303522419 20.662494247817094 9.639483245214183
312.80665921905694 547.2152151144376 2.763256227695558 38.036460070621146 16.33398075075992
743.3771872078156 429.6569038077657 41.24939208244532 1.0738140388724662 12.756796610126177
537.4566335265413 435.7276879955245 35.30881927467761 24.2957344499078 19.858474879351284
785.1032096345108 326.89918234654954 41.04667631489834 5.240465762084193 18.362852896614434
466.8007001914867 382.05195058799745 19.435102558964793 15.476225126517681 18.79433671418111
430.4449534531891 334.3106932056064 14.772450515540049 43.43180911142083 15.189822585950258
243.74356578045783 503.9587904047748 1.2431708190825743 1.9151036821295846 18.84989394186412
689.3126099660352 346.3499717295154 11.753982280550348 42.67968556693552 13.589751830345305
407.49202565903767 577.2533441249991 38.075462302824505 2.745986691960863 6.840974042414166
221.7198229825124 340.62357317002807 14.072875424608288 35.16703344325842 23.366577194800787
420.9460005061448 260.1568857984492 36.51842596652586 22.88950242526845 16.2899360789692
169.11772078721182 43.360288713601236 28.285856961377995 30.442800982322805 13.919449055175582
235.64152445601778 447.88545939565245 31.813495122164788 24.831272620305523 14.996106286267143
476.53297545946856 306.5319200100404 3.2341194584939705 43.96505710630329 13.050805901755758
603.404092056095 186.4838951546297 41.0044345524518 1.9402989446140118 10.572665753185515
282.74219387581394 264.61332836478664 32.54456403381212 32.42270854809452 5.612046463854819
374.0953103201165 505.0271689321547 5.28525057410044 27.901114563345498 10.477951941340537
672.1986109174863 65.38388094780458 28.38842243445341 11.285378583134623 23.629708433477155
241.04264844091 78.45418903055312 12.365637116349186 17.929117241562032 19.614013604382023
225.59079407214844 39.866347120535075 16.04462500152806 1.8941705565894598 20.539003569670307
253.52094403609806 502.52181306864395 49.83497502220392 36.75657878914203 7.391630085404579
98.29743678808241 463.4624671340706 12.794663863542105 6.274926284357312 12.575245190846669
610.1237989687875 370.78658393814663 41.904229244535905 12.816276995645653 10.100894454721185
15.930274916207098 572.9711770339653 9.082978230631436 47.44985502448782 8.225321552420695
741.1728172675313 566.9217784943538 48.038551284172385 38.7130781367112 7.874422670288908
670.2306870879366 339.76299969798214 31.84612576614817 4.8909317234583405 13.971776001287637
244.14578667303823 414.996340557407 10.691080713941338 45.51682589734916 19.443285238010485
536.1920655490801 529.6389094234694 48.53189460409313 29.525229600448917 12.484496114143738
206.17297982626548 220.17748729068984 2.0177032166772997 42.89123398807802 24.78341217427147
629.0818610674904 391.4344113390352 36.886243317404706 7.322437037153099 23.105273108603214
452.1988955046913 187.42009740329334 8.328581212337392 22.80522348062911 14.71454511189554
146.48589454594924 169.25737750968884 4.824579370785229 29.500464420697057 18.16685556326012
596.7090916486509 509.48366687013674 36.42866242577992 5.970148852856597 8.189290332638688
288.31751476021856 83.29587158432071 21.070788246443133 4.136598078042196 10.691377710238752
19.787146593032737 82.63464844759443 19.557701119014144 3.0769115838810506 19.603530897163367
486.43839349256797 75.72877130275023 13.141964485298274 41.90760744695694 6.686454784620119
608.5300389898114 156.86965327152393 28.580306015042467 22.942310699524377 8.74091651276248
655.9150291780933 448.654594490166 14.281506979328283 15.56915785200312 20.02660012602866
635.8834873142605 575.8103531103894 1.4460028785174273 1.3385226025578327 20.26535438432601
560.5592616681711 220.7650545338667 2.153825709014037 9.967523303034472 10.261215355877765
398.1605805408258 2.606891346082677 45.86426410957438 22.300924769157955 24.890975833143717
65.12443169035795 435.2776714384224 35.26911134218507 23.027807435117182 18.179001096970392
219.80915325630883 512.4326282539341 41.07399395256117 45.26817065093782 13.945901038278574
36.98715388343816 216.36228326962814 20.91841343005696 10.53366452762406 24.195532933245374
70.36014167175377 159.3053637377667 12.563331028654792 30.38837482684766 18.02387982793804
312.2530150734537 136.8102956561815 32.78260295887366 47.182886270720786 18.29171162749936
370.41231645884415 395.0298301499432 34.4741134295991 35.56328719572234 10.368512913564256
607.6812353588418 393.2703779984765 19.701963274795744 43.52852791053368 24.054108893511394
353.51647713754755 513.6822205381231 35.14452721633752 19.33855138984804 19.7028275864892
787.6056936613396 430.18449937850664 40.427277032441935 40.9817395202017 24.154695903602075
509.96830951432037 238.06397855794808 46.0698356473585 41.07563737491105 15.109523522958156
213.89888754353612 433.1834729969219 7.542953649818378 32.12365789169087 20.22029454749392
484.8940189355746 94.40974693644823 23.33944821959699 22.156190371527707 18.553721924833624
238.02052132705393 155.62724383388266 27.385342959870428 10.54123530191537 10.40717504714
592.2338472062011 347.9699568200908 20.011752688781467 12.421678103023888 16.552604079540956
672.1386242994847 158.0963398258286 23.35569138691063 10.235399749775583 6.101756774362867
467.9471040781348 301.18584661811303 21.66709847632859 20.99292932069733 20.729436220796252
578.3079857914663 417.7534216709362 41.93095616348404 10.147352820362832 22.0651749651187
692.1594302035386 39.47241358775751 32.61319915546885 43.851116760084906 23.500177104144953
256.6272149858054 198.80569769095916 47.243789886610294 23.386090569955115 18.140828369979374
132.26235047146682 572.2194608374136 36.563162583929795 39.60266919112241 7.4486734939704835
532.3345998152836 559.9189184889566 2.8755593759148117 25.521420800552274 15.525686869239157
403.8994138021021 251.76370773167264 47.54986409412684 20.157518052271637 19.13341644346708
136.893131728728 9.880951049534838 2.476336123995129 26.614212392372366 5.806405944650892
609.1101118633933 470.6842468816639 5.944736269304012 27.28790833039434 5.779484247015867
270.4849146746026 375.51081255775483 40.68977216646389 37.099493855867664 9.78095980590712
223.95597645327385 194.8947727169365 31.606025588447437 14.322025913743312 8.750651420644127
470.9936777161232 40.587167025188855 42.26799438721464 19.90702820365621 7.888819671588143
146.06354372845706 295.3680690929885 1.8608161398838567 37.38408120997943 24.638251082658023
458.79330165521816 61.166211235074584 10.064684173601298 7.314520685712446 11.283477769720342
515.5534510432732 283.80980912666223 7.524433077619608 9.394752869578722 23.577259488402557
92.55145823403389 546.2135324506094 7.099064236076279 13.575546209023535 7.688612010260032
730.6848895727948 386.73176438348963 36.85637819270529 7.470525996012746 6.90075399105617
462.155553452536 12.038182119856632 48.098249930332855 24.77037648042899 18.734202819768335
294.6615183322963 544.8493156856082 12.947549494449266 37.8381009403513 20.928423893511408
182.90530965946684 240.0442013990339 10.812440911012208 25.09416946208926 14.084697638301344
761.8822106186896 478.88994941836904 18.811678248601925 41.04456984344959 10.57270509738206
655.7122767345112 476.1666835094046 48.121578352060624 11.752489462691223 5.023703786932647
479.47028103264705 349.2502720549145 40.52476002156502 10.182277272823942 12.11940697879106
286.3949650269854 478.80350012171397 3.131677466187073 19.186210559965872 7.986912763964327
4.205339594639916 86.63740876901524 37.308440612129175 3.349304752921653 17.14291745801584
40.73989007864744 579.7644650272707 44.415284186013736 32.73170491033703 12.637806657353263
111.56817338710518 558.1903179818163 1.0033376908183298 35.37547537161488 13.756274753615807
237.0729464767422 93.81643769867784 3.557833816003417 33.35143578061022 24.322490115644708
489.0789741609173 202.5691436893587 2.020886239577913 3.405995674188966 13.54306022256788
274.192121329684 277.79215279197086 28.707642410229774 9.386211698116036 6.046453272670284
526.5826958253348 180.25263006672554 19.520345691021912 8.649665305548751 15.403289652556262
648.9759781729227 140.34542995509815 2.822497497269164 15.603157842378781 8.47552128215093
159.76150232116703 166.57753111575096 2.232100209907551 13.06865055831032 5.56373485263459
610.4036060551731 148.57385345634955 22.39415755944615 29.190728968446297 19.926468970056643
686.6167239249475 302.83088850139393 34.36834410237822 38.06769182368731 7.111466272561864
627.4878575616907 216.59791370802847 14.200351656442413 30.909882641077687 12.993012164793782
429.67145950767605 564.5599772775112 41.335020400185606 16.091142554029624 15.1273772522562
721.3990386365386 555.3940236784201 47.87225084848624 21.802876818987965 5.525983355582027
750.447685115304 549.9486763021345 9.219675985385301 20.16832593996242 13.906069166650557
466.28923698624186 567.7447714477315 9.016900842620926 8.720332200272978 5.390658674824751
272.640235761919 451.0308163798005 17.09236322208781 23.776373925174145 11.494288554577425
14.745503248370063 376.01825081517643 25.2451364431899 23.313502687760028 9.060273283328652
234.1542191841106 402.235438145146 9.162248190651908 49.283146691992464 21.069114131801754
718.9146907369244 416.9482123670363 16.625434400100897 34.990696101000644 21.036001249799327
286.62717862807744 13.505675467865377 29.501112904523897 25.76231610649632 7.278862425503516
94.9420543910527 508.8951627382983 47.91552324722808 46.92094902720852 15.735825055611379
110.59466107063233 192.38100139849564 32.92418719351875 26.162633036386232 23.916209496222006
374.02575045074286 270.86789302934613 9.972009879234474 37.32925794826611 16.356156183923996
603.4753236278722 93.01235790212623 47.3347004906818 34.89137398038414 14.078871077025001
427.96004747419505 190.4234339826256 2.262683241007707 10.738639506601162 20.831458469775505
424.9841024429647 395.2833098865945 45.34535934491567 49.51852409875653 18.755367614390778
189.15840317491953 81.39764570770593 28.61827130167926 48.22606839663323 17.011841156179564
592.3884529629878 212.88180005368568 32.81984662993063 29.907365517743177 19.571444470359786
704.7291098582806 141.1075785708304 21.67547604426739 45.25102163698705 5.222367652384627
307.7013224156904 394.30914037418563 37.490688738434386 41.96554033069141 7.828677857302022
638.9172631725256 260.4808868402711 28.74908364390626 42.844147387696665 13.198952525180465
743.9772464184442 119.08304956463164 49.44501203745241 23.92850885923575 18.10516110875568
312.1079027767318 65.67789891255957 3.699306198621934 10.39483848581832 16.814981187509332
64.40429651733683 411.60519812312424 18.793377820257124 25.627730951307537 20.276036836017703
608.3630798266031 428.7605667264349 16.255482397614855 13.51372180246274 9.883484927146672
478.9496869685419 359.79100391772954 1.5937438014704273 24.255165527478272 20.11845185473429
667.1853394409919 43.31471041594864 12.946584712305842 26.360835102866947 11.567560999152759
725.5427287512782 267.2267316998077 28.265520580057593 7.363225891041843 13.523396568586023
506.67894375472093 139.54096121105772 47.45314197234857 43.892293272928825 13.54510141640494
544.8130304742119 77.61124150212358 35.54872447651885 15.087689074236446 22.140301846854907
80.6274161001412 322.99353484197735 23.718090121086412 41.98545981179939 8.103506287315998
600.4284119286752 530.9939873361869 1.1192832761104217 16.15588311990018 14.986277292264262
624.1004252828227 423.07088196156076 4.372557595295628 13.730876397724133 8.899211020098814
359.3072492642162 202.93556821722296 26.421111000023632 15.152578190218074 18.680004339526512
305.2158965958972 197.65778588658276 11.986786220300427 42.032734537863426 18.381347130262498
211.15863847465423 308.4412710068672 15.103745262016346 36.72329533449718 12.592574196919275
418.5580534194811 286.5045699551482 30.83934652187181 33.32054422530047 9.086929641557834
590.7063799486509 199.26291708843905 29.724796289481745 31.064226297489032 19.98851944552785
690.7197192247341 209.42719489314362 37.50592590426214 3.7534375236437207 13.467445365554013
426.8856709181305 65.99136790906618 29.480634563948076 29.797857878831646 24.366968597620758
151.50571795187457 260.0538132039472 35.75156786155736 41.983426906524265 10.966834443539215
32.60254051065704 76.99440143350463 6.636540109203275 30.48493898508719 5.4747571437857285
293.79645192060156 462.3648077694897 4.319949654595772 2.85185511641231 8.164461790913343
225.1846280486341 526.568070650591 10.83663169167773 9.85106889562962 12.182533974793063
362.9966869431565 359.8163412857681 41.055671892786464 7.418638939842063 13.411958954357745
774.3285125774892 431.19712909748984 13.460396677268651 14.787457035743108 11.485894149023094
787.7402124478277 493.4521268570716 6.879479625288675 10.38981028381475 21.080667290482296
402.5945282004216 343.25198747156105 41.86056532550508 49.2509527624877 12.77340588885065
582.2191248778391 354.5480209402933 25.923679261333895 3.3161217066599966 20.909995603159402
391.7781557035879 81.13102243690231 10.448727720864209 25.97209013021135 24.211610476171682
449.5740642975129 208.36174110175702 2.2908481693371745 31.213317367956186 7.682213213862401
122.79217021267549 345.2900385563785 41.80073100444998 44.96849441545568 20.215674539985944
531.4160420262727 539.2428094220119 6.541400976369677 10.410177402903876 17.284219206777827
483.0499337777909 328.9431607628189 18.922063313912503 16.04469006600175 23.647916420713763
605.2294577414068 586.3684602920904 32.9659326274426 48.19914389256452 12.952509670615084
330.30549289620075 451.7866682202423 41.56075649466558 1.981176567359789 8.321929592360252
134.39000635735144 536.7919565055581 13.73101246237922 33.05952779271435 14.997156514863612
437.0677495877979 83.85908733539095 21.57640782841156 36.92198998154583 22.85701752707358
321.361152601859 70.30454455751143 48.07967364994344 17.986702867023336 7.4898801129383425
138.1830646541485 519.7346353047984 44.29181145869062 26.46020440634561 8.758177558388144
323.6303860691278 188.21511348513488 43.350979569937515 40.51200971183918 24.268581950425098
141.1234575559047 374.43600359014096 1.9691043513851634 19.19749893614811 8.185452408261199
378.71612163626907 354.84165619148746 13.790517645901698 21.885137682883766 16.20671345367399
479.60850522972447 522.6861343628523 27.89466113742663 32.67271374690776 21.180122906014113
338.5023157311918 155.98893172399727 46.04236932996946 4.239544487003524 23.13392666643663
553.1399092335215 8.99200438582127 33.433166534006276 6.7739443721294705 10.653512765368099
554.9056178899388 13.571365090207605 42.13310279889744 2.326103643057853 22.25033934727015
54.08347563760043 320.3197954847712 23.056946505905543 47.281259626290286 5.299097429155495
680.8981232327743 55.844680026956084 34.42274503771013 19.112835683097238 24.58873638272298
78.36883298737358 91.18681680048064 21.08502700075628 25.447387589007498 6.404741371152774
285.9247648499983 306.35824369765686 38.8528849653553 5.569683750249318 10.347905601421987
204.50002340064805 523.4269350330715 26.31926819924599 3.3800773430339244 11.526194797436691
152.27856378277727 532.0643702815214 25.267358640228775 48.72526830295984 10.109342672202397
180.2161633025701 5.90320116191193 43.16193469411013 10.013469422448813 14.905084246442172
233.819612860082 541.2539071935544 47.218972456163876 17.36401983171909 23.484559414639147
792.182940531407 19.42026520839076 27.188029919070125 12.171107905463392 6.706448378289012
631.1182313241434 29.77581038091561 26.56207902622722 36.87177576055899 10.10943047839283
40.92934982130904 356.06467259146393 35.652783229212524 35.35786392221205 17.50705075164347
390.5214916013857 511.88747130111796 21.024330592469855 32.90867443962847 24.656257244355693
196.8051919640345 518.3610909114794 24.493691911620367 1.6525015581611326 24.443180700461593
448.42044720417675 59.02989335773354 7.563450932791344 9.040980881484792 21.286732198014324
439.98352078294164 255.8237077502064 49.06992978501729 31.290837884235952 16.045020567146242
683.0500499127716 351.6869106953484 15.561569577785923 16.777390494104736 21.39557991361472
478.9636451399492 450.7059072578489 1.0299927745992945 41.068279118829984 15.62592101054263
567.1795246269247 43.53959191137673 28.158512520903702 24.787714077116814 18.333605585654134
476.17048026851995 229.6664955048433 21.249605771246255 30.589963580343326 11.30361732684569
59.02993026178991 560.5384669661726 18.34792298969952 47.4178266789336 24.850938238227307
29.150572494247317 179.49099500135802 25.002843125689868 23.15008144503329 14.013580648919914
529.443793950322 329.8678675092149 30.88050730918935 13.01803502397334 23.12977423098411
243.62202958069057 314.40342986545795 20.264827214441393 42.82532694518911 24.50184797866515
217.7735516540365 537.5549741551622 5.764596970676352 19.464033220850848 17.406599870848787
559.8651818866804 469.50363376322565 20.96702647230895 41.370367317524746 24.08785003325457
363.97068685010396 10.572757833508133 7.9062949192458065 19.540185498763005 18.305051648975788
570.2912203981847 159.75144255443072 33.88721294595996 17.058230680679184 11.361491629335037
489.0507771692111 19.501503642050015 15.573545385234285 9.371809454425462 13.162997761546704
307.6823641847459 232.1311710311296 45.734507657952186 45.52121848487837 23.880062708092172
282.36562323822716 221.35075311163027 34.23729503899196 14.712436663113763 13.954400327393104
15.767398717882724 415.26284204131656 15.542953170276826 7.42719947762482 7.87899350837878
249.09856247562726 24.115715313538537 8.478806699252331 33.81778365389685 14.053803864874439
415.23031747090255 419.03432757887725 20.200057747698402 14.933808865162312 14.08805970857517
488.0589503348029 151.56585714595352 25.047990819927026 48.6525866947169 16.307200459950558
125.71818228659662 394.71648635623677 14.37317482795311 7.964213467393542 19.595920779539068
687.4172983506786 209.0627300421315 5.509899332536719 20.889957985474894 10.958293515162685
691.2259560208731 352.55841550643436 9.148061995312352 7.560878435816836 16.537856360398653
346.50134570483146 169.70908935753206 49.87452419281006 28.26388574757525 5.297142803716881
370.72908578900444 179.76156772632407 3.830262804073014 34.719463309277415 21.96379064478085
480.4576030968478 356.5782888070403 31.02137649998877 21.340602876221418 13.874549885865271
417.9769446332905 253.87664681636525 26.878799210053728 31.95800722672437 9.908210386814387
160.54506398751298 260.30477093359764 41.91060342549847 45.27849584060104 24.24868871748506
653.8528341335272 224.5896470690093 18.219213057404275 33.41448342092786 18.324887364311593
461.42000323144424 528.981330478626 46.52549420090726 49.07185395769082 18.05109305359796
318.0814956314516 63.25194016057155 12.923154730257712 3.9192059840962847 8.624458192222937
12.12959977646636 406.56244084049945 29.17895722758606 49.6220698658246 19.29056630856851
743.7843016121592 424.71047465125946 28.726906427615393 48.39141822946939 24.081454942866166
33.07236895427345 79.17637208921934 25.404025135402502 24.57994927851385 23.931543541363915
223.4413719600374 128.50887454763853 42.201614424211286 41.14832749424547 21.941272528370213
330.10260946895795 165.6694630386342 10.753781321442528 18.661887204529652 18.626314110330178
463.24222936202506 251.51755129971832 49.772214789226354 30.58022669042147 10.801428329088647
364.73289099233915 541.0180797528957 33.78065257215576 15.296052086118205 7.848975620689613
234.15146435030562 409.82500984679655 16.726591740031317 37.88002777044802 14.47227975384987
706.282791173889 239.0271107429768 47.523088870359985 45.31598490261621 12.436404088687173
2.868103012741593 246.25381868251225 48.95614277413198 49.56604151520196 12.309660558181028
99.37451826172696 82.97471500781549 40.47691318234472 8.629678107067239 7.6136221004015
718.3386646949137 121.28073911592467 20.346508291735656 40.80248026527418 6.787750821903138
355.70913654960793 231.9541916599742 6.19962468803141 32.57200660411931 22.95600949762185
159.74345036012693 536.2238124642731 14.49375095575166 19.60543134413609 6.239369548433713
648.1744422434635 152.90454455572225 12.02256973272195 2.045230542121632 22.469656678105164
468.59498500385 194.24968819555292 1.085750194887361 9.978766784517918 5.189858896331483
94.42105048904065 260.41482616603685 28.414958813206145 7.692071807376808 21.16702421090664
470.47979496124367 120.64788307608792 23.768398716813326 15.613235198292017 19.06933001677431
745.7650103522868 461.9481471216518 11.145362789194062 6.682768587563885 10.35377581723725
786.2849834374778 70.66646000658741 32.3465186222745 20.714855561411625 13.388290021624316
523.0773960442377 294.17325133064054 39.76362397760042 46.263704571559906 11.56245527121313
237.75231493193294 89.41469390142026 21.563870215863574 2.72069338519188 20.348085588241986
669.9359400641549 495.5419018033531 8.025445918890536 46.87105975371766 16.97036335027433
481.7044792629208 289.47623476222486 49.60675977438034 44.479308826628596 15.537258943832434
137.24732672757298 22.4364617314809 1.6026080734344124 39.296939752166246 9.585851374567136
310.1262330219135 527.1629694189986 40.60125092469482 4.9909577470641135 12.60727672290582
564.5946212415449 453.372434725742 30.866422817513232 45.3741487655299 10.905032262314013
95.82739115052641 55.1508871820206 22.272774016038515 28.0433063235894 9.958276319677474
485.2938868588272 325.5161487611105 38.2562744945811 27.764001611559987 17.61796525726882
430.0661747605359 355.6088723021833 7.2349547491684945 16.26969313859074 7.391922559585469
418.4101215203354 511.7183731018633 39.007740091718624 34.362054335225906 6.830380739132432
792.2000340614163 9.04869960381667 14.025767049810288 42.97934658537426 15.861284604860755
236.4217162777655 480.3247989891916 11.02772364290626 49.330467313984826 24.77736644706118
718.1221112714185 2.83497916733242 49.546095626450295 21.946291494764417 24.886311766691357
133.7487868961752 119.06565596018956 5.882308886898551 23.901900799442302 14.814823502066828
259.42647171101476 414.59998440719164 46.33852278936644 36.53292720317257 11.49007109188862
590.6731552877461 342.6164280445339 39.07487545064802 26.53566815124535 13.321262515613219
360.45177396928784 41.36759900393329 13.611417664929224 42.605356560040065 24.789903263223408
441.2526549727718 461.1343918119539 34.60855842314444 13.227697179825336 17.827398375296923
613.6365319226287 541.8183253948175 1.8315414910904901 12.663734363657904 11.356137043784456
793.4324316645431 474.7904275909539 25.77298629642245 29.345053784500895 10.077315466453003
568.0676432556431 251.29333142663532 6.422322485853863 40.15845790093016 9.398453490459811
118.71920592691919 196.51944614058877 2.8977524052326316 27.16512378375606 11.738467666633113
86.33691689219832 359.467484639102 35.78739404846037 45.741372360042 12.588493962107478
555.335199157022 172.79818590677948 30.65507190054088 2.8185975826876692 15.106770708547435
447.4878610213906 270.40199262419895 19.781028549431873 40.06273518370853 16.271339560749652
642.8096868335458 529.0246568042909 10.255220793718312 3.862125661298599 22.448281676455995
26.119099915945384 316.35628089243335 47.44771824668843 33.97537790643686 15.915131204586931
622.3816692747662 423.22479018930665 23.397676040150916 25.616811876890598 11.693744432409316
581.8238453747525 534.3917524021032 13.509732838888922 8.65582431123407 17.416849736873985
136.545251622112 261.45903394726605 17.158292849089605 46.40675399652158 23.232385194136434
700.8315847367734 302.6891140530561 47.67918651629006 16.160212351935527 15.405182635683119
458.5139594380365 449.96424908676863 5.601645575366298 7.199758282848218 11.77505274582301
618.7532676665704 586.533959737323 47.473634143761714 18.465638608584992 24.602978472970424
198.5438761793776 100.16602562864625 9.00403418179826 40.000637946882776 11.974891272091607
322.0220681473066 572.1672694767713 35.21294820249519 18.72321171194421 12.839105407853959
439.94377449674005 405.0646053663398 35.30604532403166 15.864472107471274 19.0694914803694
393.3059190010688 551.8684830101996 10.24001647086902 18.588922698841678 6.2020537707878916
729.5080213968405 243.8711772006037 7.136535328914234 4.099592998133243 12.667676373209291
765.7142394506182 129.6160313275688 19.93645680502656 42.37689171504638 7.437456133052476
503.1047547671365 414.29020942761974 22.268102431666282 42.212500456064255 18.435011499640492
150.93059185689816 331.9873221715043 1.673078564504208 1.8740609072195278 9.903306792472456
239.59202481659665 438.5601843303463 27.18629835580704 24.33232944682405 18.385574022234508
332.90679728598394 359.3056737711504 23.647250833352516 9.896766009866575 19.667143481724537
240.25375640848097 170.73146254569102 5.042996610283169 8.241794137683499 24.37675827362191
653.9149111410858 274.7624179509743 48.39804726286429 37.69152660835014 17.678264244927036
672.9596772178724 390.0391445676727 25.283419751313 12.06385844409587 13.904686879926116
361.566304219843 25.838945145474973 19.265196532670224 2.6718022883747166 8.957303360554631
152.45842261234444 119.38819582552065 33.804585932999785 28.01600623941228 24.1484877236268
561.895932131271 474.9856432036876 41.85807655144379 26.529403094692505 14.559639071847316
43.08691642651603 593.5805998428989 4.441585527138747 19.182117767633212 5.212958275128368
241.33365476748 134.49562517055207 5.742828305503926 22.706872502539834 19.395237808670675
792.9839941397601 436.0608895773313 8.66160910440011 6.779244766827976 11.534386992809956
294.9279310630109 196.8118864815536 42.63379326679724 3.5117998488558912 11.095165283981238
302.1709346582522 257.6235465579204 41.551512295646745 20.054509133585118 20.369183311452005
510.6728311649888 533.2546317690334 22.812868150841112 42.69501015173136 14.836126182646934
628.9298746286324 543.1047335144224 39.943635771283795 12.455659281154198 6.16787399297359
181.3647098226794 515.1335038299898 37.79784525001213 40.20456334310214 20.763611539357605
688.3762180082808 261.8722274975915 19.97031316897824 37.6254439248539 11.498666313653017
759.7634814278333 6.3567610732167585 14.267649121444784 6.622045735095968 5.348514889942919
645.3668143495212 220.6348329946718 26.557023129725962 38.700752099171986 10.138467886775755
698.667357078885 270.5623978873534 6.335609205148938 49.74556279214139 18.190984656788743
303.5797031716015 449.32840556360804 48.647371723596564 33.3066485694137 21.170763177404215
619.0733215388944 435.2262846670757 1.6770958188874214 29.117153785438962 20.530854909322276
666.1891434782764 592.6163529768728 2.0433403937982892 43.05511164532557 8.657368921842743
191.1642927970197 93.55756649155421 8.078263710931854 22.415887222298174 11.6807144031031
165.7714181093678 316.7934928558671 16.087654214170602 29.648940674322677 17.985580856720524
49.243845956410034 214.837080771625 23.320065241614525 30.4200464764439 11.972652554604688
57.42074053336539 580.9316613308536 36.41123607895163 10.291289369497937 14.696899144906359
144.76928132386107 101.41022564034368 31.16570439909032 15.253698949489419 14.372400895794708
700.3234217046856 247.19129928225777 21.220005254755396 31.77727278923888 15.90413133500986
278.6822631836963 130.18927200571113 8.628279365887764 41.39907505172876 6.997071770402963
219.80244526916215 240.98743615407545 3.1574019478660182 12.740839951045343 8.788503737254697
42.70339200420742 233.28409334626963 21.784338233923517 20.204034683935827 12.269475409717758
646.9593296939529 181.68946739540246 48.41080055169782 35.2203414796733 9.688282588807715
477.0753520175742 292.45454330545743 40.62273994273772 20.524187707116898 8.81011026598066
472.1383479804218 289.7076624732663 33.14332097917301 3.2410888237473694 14.55853165448402
208.3714788276717 151.3080957075308 15.808558866999514 43.59573636568329 24.426915396311895
196.43799167034948 496.0366973124671 48.44245666979894 10.071652505563575 24.77385734527894
159.92507159532624 481.55394198594695 33.65941708842781 13.074676875778865 24.294755373127288
43.091234319626835 172.85408173790162 20.15164777105203 48.349960932958695 18.100556375857348
57.70861918349429 471.82950872800285 16.01476865849184 2.440785640931936 10.765932036038876
390.7092682018249 281.7851597936367 16.26162878091978 47.3808979751218 13.982288282269874
193.15351431147394 37.44892002260335 13.294190870964961 12.14389434188913 19.926799119244905
230.89353101005833 49.52431804330719 35.00961466736773 18.642262868932345 24.927513697680162
727.5413084464092 288.3596803988395 43.733078041630705 26.161637821133436 6.2833276563356355
212.6063424075458 443.1316394811361 40.69354904093578 30.292622981014112 15.683247375403822
99.83452049413172 348.2569677524825 40.22642404472804 27.191564480372627 18.652282161739045
319.777005117382 345.3980390791008 10.136523467424036 14.222095045686414 12.01648622587259
632.7987981586489 176.48057994523907 43.15437949059955 35.86881858961209 6.8490106932088874
124.00845039534742 137.98824507335928 44.11678377805835 22.723617774522104 18.35271110495917
283.1811075629177 231.44549646872045 15.086202549678125 22.98905793403615 16.054815814194548
146.8258619300287 494.8351000725385 49.24840085098377 1.0635989366716676 14.353469194777768
649.7636958871461 483.0295393973721 19.01925191140488 15.233819412472224 21.33592447403447
676.8389454902199 555.5826588368674 40.296820735327394 45.30108080340804 14.927951234080354
629.0531766929142 306.8127523646254 19.292218085100593 38.80399362347722 12.754301004740023
155.41976493925506 19.275089956494686 45.73509914216946 47.42605377486926 5.405011088117522
370.96679691000145 7.240615758050131 4.08021352379389 24.33148887265058 17.502437059617655
739.2586003161638 40.39006041556332 2.1872184468065052 47.8705791682968 16.942970144595144
493.44683007542847 588.732193884797 19.32540294299273 43.577706616103214 11.716867643969582
193.45991341988102 175.54617475208588 31.913613510871716 7.379340687133411 9.0881297636676
33.809706961459966 284.19488628915315 23.550121081676963 21.561447200930793 24.84801813442469
239.96969753623938 319.51319080612456 22.523679646727025 46.125934336368324 13.13493175746251
87.68682459307132 28.21667322050452 8.537860644390282 14.662658232464945 14.019111415085984
722.1577486107058 180.66147189997724 49.9561059462662 35.422140372915926 17.07945187880511
425.53981005738774 234.9184912444622 42.72705366898632 28.899640665013308 16.58880650197028
312.66662148448114 131.7540792630497 47.45922674716984 45.81260863866291 20.04417506374762
390.3651325976031 294.75166510241553 44.0472908268039 13.406541381174199 24.598010548590356
524.3175728111229 457.4647806546608 35.7921016196264 5.277697537485263 19.69904779470374
269.8058553846252 390.7658355122708 29.119808624958914 24.279029673447518 14.950456472290734
286.34947013085 369.56034931868743 45.31781174547905 21.51183293056724 23.08741877157342
322.4546376463419 87.55138105603268 36.35403074271149 22.495844169983506 10.631169128578424
757.7564585973977 514.0828063993591 16.691558963759014 26.210834205866377 11.12396709505627
308.6878885197974 492.3368231591809 45.68817101652909 42.85248548733937 9.15143706176038
235.46184248598937 383.7808651201395 11.778982453852608 35.22461095689608 5.665808297519299
784.4727760980993 105.90981562375958 47.060981917682014 7.503844721445599 19.430326529015353
387.78058698154103 69.54961752395647 17.548983188119127 23.62489988765385 20.33101155602193
572.824611846211 279.10078685814943 11.258420581031881 4.251334166193507 23.750725090710098
398.6204211489913 31.73028041947419 1.4478751084613393 13.842918385650126 11.076476189989178
14.081005207944742 124.6480612534933 11.476120315371272 10.526485541060588 20.094343436256548
314.4746788126776 460.18938680492647 47.108476656848204 45.26864733424391 7.937809569373913
787.051344281952 339.13609121881 34.77706374955376 18.719575852794584 6.459632625329519
276.073032277624 345.4385263692503 32.812641547767086 8.119822824836746 17.32833055877682
447.077365552362 379.30262774813514 38.932959416229075 37.13431455349066 23.656167089950767
609.9620229846423 192.37707056418245 12.495615375226556 17.110556995711015 16.00579593590549
119.8161935954775 250.94330592666 4.824575071162389 20.176676027132704 19.068274009976278
129.95382160454895 519.1511202195478 3.0455034715235554 28.930901478137134 8.419803727560256
140.37452957241027 272.653974371038 32.376214350074136 10.119652101841302 20.07155014505332
267.75529095551894 379.14193962580765 34.454235012498245 10.821931911111918 22.888222616627584
307.5571997265593 169.15100728829842 18.725977995724794 25.84090867722488 12.81297473147914
701.8977929251689 67.14790806887251 33.964013025331056 22.456280919616965 17.218337576447276
20.25315712816732 241.46236235223625 12.128122105614919 7.675345145391257 7.135583493684765
430.8434986071477 144.73753108852566 25.62471926081247 44.85010822496146 18.350862833756562
312.20233198198605 377.1072594576335 45.66635960164943 16.030594429242626 10.311686493080973
697.6342142701126 408.76249773904425 39.73565959296497 10.405737346864225 14.788402534044984
226.9395216369268 445.8580021765282 34.775263301456405 36.70500600493607 16.276387393740677
379.2487961405041 176.771939739906 18.04509033587239 10.259425924973412 15.462602884392991
178.99509057931493 355.83600313871347 38.44699239506046 37.15218158246621 20.120276744291736
409.7970587587885 189.11130749452155 32.581851283112314 40.558774938732995 8.846887722252761
605.3795219355993 283.72525959639495 31.796390471491275 45.93427986408221 23.163574814514774
321.4367910706142 107.77573139784455 28.807182731262557 2.870151265776448 15.147642571083296
256.95180732252874 246.63662147386773 3.901484187565053 40.681950833267635 17.013320981444544
410.37256945889936 469.4808883104622 13.816369407095376 3.6971839322606392 9.98172369522247
759.9651727851226 542.6256355894202 10.888707245182808 5.3687429338748816 7.182399837555506
495.17724640342186 27.18051798552941 34.45740481843797 36.7343038231405 16.810559974205262
585.422833335722 243.7160281099536 25.53144323291465 32.15224730991385 11.268820484255425
62.947847993734186 518.5740511770356 34.038781798975656 36.46957979014845 8.351630984597394
593.9172868236446 34.32178218452895 12.94316946017956 49.426184108812286 13.062770850750383
376.2271572467582 150.58919985081363 25.295081172863615 24.652420165404024 24.090025980279904
195.45862009186206 15.666598517070506 12.617425125895357 4.763489202043596 23.537048804439216
72.23156774774466 14.87960319748347 43.194855716794166 9.845517626102724 15.791930544487201
338.0379148246974 15.795029024294015 37.26883916233862 38.759568639391254 10.31559202103214
131.54641193916166 251.9399752638022 21.191085095949074 12.25653086064372 8.566489266722414
671.9720248064733 524.3396202870415 36.913471550693366 37.259783898030946 18.29949965761708
374.1865402887217 133.30781313833774 45.51391144189885 25.59123277853313 8.583359392014216
60.61819932651644 19.791332147298537 43.971937468291664 17.38165193163472 21.61718639728975
747.6562932900364 413.6989177456868 7.92543832709218 30.162205165604785 6.143677233949769
18.042664713241482 428.71262710682134 3.0423252235522784 23.12887826689264 8.474710698778551
662.5454916442313 365.92270782082915 4.037121753268904 21.629701645473087 14.59789686173654
158.42199767780008 163.3857124372959 46.35719711786099 38.203225564953264 19.895821667839378
630.2141312016818 534.5621319247188 46.3248047970749 4.826287345230043 10.843289955509016
262.1239970499281 209.71049120570285 19.873476019890017 31.01621598378127 6.40349628653423
166.47617531911843 415.10479522243037 20.56113622684844 25.234649567244087 5.117608301805154
5.863180923969361 556.8228344021321 21.837256164816633 40.50418850449787 15.612656932206452
465.90292370653407 327.306297251829 41.66926663802531 3.0369824353237425 18.896809440512286
50.39347324243144 227.61375450900343 5.487441293600199 2.4782738528915322 22.246921506840184
403.7177317458766 269.7917471848625 41.33799787575183 11.751269970133093 16.32956638912369
47.753944551589875 166.9714395228157 24.110254104742147 47.1701121774608 10.592691173950444
770.3224035134876 579.3973716683547 22.932493916996616 20.40925906797028 22.287849341796385
170.02633560287808 354.6743177315369 37.80725481740565 45.84192496098046 19.756118801287673
627.6299689325475 91.57188378092228 47.795187259606955 15.935859735370308 18.3319308914556
606.3241602051185 256.122812690134 22.296463802342007 14.74669982269272 22.74959475354201
713.7185514067261 235.75036285716686 27.42041127133097 39.86105117442412 15.293037390180363
380.7772560826089 203.85702232846035 45.61192042354092 36.984428500002814 11.423842364705079
115.27866743521375 345.3445576195096 14.868697723472513 47.062225642743726 10.443297677638332
617.5958728775508 31.568838597629153 5.3116913018850225 8.49052173811517 7.1615702681179805
738.1013783660335 314.628568903291 39.28067076276089 36.80455607416171 20.088920477546125
651.9205741504255 98.23739271345498 37.43660897030606 26.302769847648246 10.203418609393486
142.92413377653904 25.013713308124846 31.277451418041405 34.65463124919148 10.689470351073595
449.6452743310046 338.4124086769178 47.99835282477628 38.62661245507034 13.193682325263566
562.5763765084439 38.079392764699215 39.16873823028591 11.701939969359971 18.136935618969417
753.3275408145902 132.50941269442365 45.8106874321969 2.0013852916369297 13.281552580200952
543.0867561016206 510.2449593439549 25.208901838665103 29.075221747319596 24.548821333215216
121.79320468449596 563.3933136403139 34.434545056972546 27.96202816116371 24.725368274994178
178.5526295014129 263.5238871374674 47.07611500308636 27.70606446085115 12.82801644434757
121.25090085322384 442.29347842974784 14.387200265100322 45.09395696043448 14.817217528166582
17.73291677291275 589.6938973312995 33.433582324291805 4.21827744511806 23.369458521934504
515.338449268578 221.15513356624032 14.397095523476716 15.849156556177904 11.030129500618182
370.8911579838167 295.15098679146934 31.95218527210189 13.334387543460906 5.762925264533005
75.23976051077886 516.4838393584747 6.776207860349036 31.18777692130091 9.109638574582132
165.05554952340543 35.30261339232937 11.820410326928508 43.24430962729155 16.328433229298078
199.08203273459432 174.33388415139424 27.16648961213192 15.243558473271404 9.467682239345582
71.02000401925682 480.6126417691666 14.283433109154883 31.50798568901664 24.06394939855713
420.52462553540767 446.7356162172934 25.309432903986504 20.198286454534887 13.334169005050693
312.8184374888414 169.26322880739036 13.584946551173818 42.62392497042414 21.385259667928292
188.58877449839792 277.11661271074826 12.729718184070403 35.2583608712965 7.887121663644427
453.5677715387954 116.17462690041133 33.23221568492973 43.82765211605834 9.258118328520853
342.19007486998277 428.36589837115724 21.53494213380777 46.62677822633362 9.785630449005751
585.2896311265463 516.0620011567073 4.369388780031508 8.75454784897562 10.389049413454675
740.8913525520281 330.4983537686377 18.961557931343986 35.1806776958298 14.502950224550277
107.15539318887511 161.9481219148022 44.282036258712566 37.65537211259605 9.541634242943148
527.4944736661413 368.4293646459641 45.96815528885509 48.92580470020822 21.4944758265121
149.40835217873723 484.6441944190788 10.425932664863176 48.06251985031038 21.33059214830383
582.1650316986198 490.35818780467594 19.54537980922544 25.38526337817493 15.994081135736016
298.6362673978328 542.1108075595939 31.587210787508862 20.42195195757743 6.629741180126654
134.79875779421494 111.52775001588215 29.50923005366099 2.774723362265185 12.131910254959138
625.0120921856603 320.17963748748 23.754247202088948 27.808726170312635 16.687747318051578
52.78562189372379 128.68063349795167 25.231568123555704 19.956612885209562 10.689229338304592
122.287590979581 187.12148940524986 24.382071402737303 14.59041868857753 15.915786098325464
471.7331428027794 284.02407358246415 29.97693906790721 36.79190041142891 21.295891561148707
365.693815147449 257.1606448522956 16.029148697998053 13.77785414347121 20.89454474135635
468.13056239288863 515.7656946761905 47.52476279615069 35.11288374089341 22.94036873900651
629.2314594230955 313.8407976336296 13.868313830948585 14.869812164295775 24.307760998138225
355.4584406603858 518.755877645755 14.40542307776947 18.32043183093752 9.570711353927354
117.16648744174937 105.62851543722662 13.54616703723983 3.649515909520091 12.171416767410314
2.492863707525154 431.1014368941531 24.04053774113114 3.713565153209189 17.14922526552951
37.70191235608848 307.19094610560035 44.96882155113475 23.59530314180981 13.880136948902935
118.17028799650586 111.07871518775242 45.10275190499281 6.440870942237846 14.178630971009245
252.8811349018592 440.2018016991677 26.210548433012892 40.123903132449385 14.286021132510546
491.5498991380805 262.7151263666513 29.577842241355807 5.227493711633599 15.400049502477597
485.6745238739277 167.52108887354802 26.212279783609272 25.668091398695402 21.373347565981828
609.347538992243 431.11916148664153 38.979025087882 23.287273154924506 5.592845611442765
468.076036096322 543.2688891625038 47.799332468283566 48.80530791001117 12.271149116743834
165.96366172779526 121.27430139575849 45.415374987227565 44.53881413292093 21.26520046099614
115.83828183832503 67.19001772573733 49.79512729415166 32.08234805664989 23.592792737142744
698.6624960594257 556.4788482127644 33.316763217681824 34.071990459991355 8.156812017414222
147.429271374511 445.20957141223835 29.336512454918214 3.4337361617943696 22.708229167433895
570.8865404596247 271.9767340736584 14.458310949939069 14.875705735218865 24.088348061735477
756.9145623310463 466.03665909457317 48.555844043648314 32.85647931748262 16.903782941202316
561.9491695327472 264.3038758571094 11.977630995400412 30.959997252701765 23.55576961516698
364.0428725939376 255.82447715692956 44.43786830665958 32.29802868675102 23.891988164306497
117.40636532174989 456.3480956146869 20.636118524456894 39.96017210907072 22.913384056370212
352.91591988614806 226.3791851074224 32.19134160010532 32.13230118496918 15.288357623029194
497.166279131474 511.6212764673948 27.01710482035027 47.07511261740506 14.912058122540412
416.6065302760274 576.2784221898975 1.9049159565356364 29.56330238773936 14.023846744504846
202.28681493370854 115.4590056808201 39.38296077423015 39.19691552712267 7.215417887089437
381.0882045830512 289.96691480537595 23.546150322139624 16.308244639535825 5.824457821370315
159.89593866408998 434.1421585096847 25.81243519759838 49.468365783281115 11.326625321042492
285.270166394619 351.803125945308 38.67654173846179 7.801205077366152 16.538665360603694
623.7437521685744 375.77792695421726 37.11901674381142 46.345302135171174 22.703506014834932
413.9919412523189 399.9048129451214 46.21236442994137 4.331492474419099 12.967454283138025
112.5845113836108 224.34304421212548 49.09933703572627 22.832832496102053 17.864883164048976
276.9988315746346 494.1565685109749 40.48220889032417 41.223358568276545 10.75148616267695
467.4457529583443 324.89425590255354 37.39427508927008 30.650632387711706 14.703050933958426
217.45447836112646 319.97866708612935 49.99176790001839 22.689007417168593 13.658569065008958
740.4606666293411 121.56058267228458 8.759108364285595 32.1096126099951 24.285875704895908
309.9900038845964 103.40095887878769 25.182241564305166 42.986580030766234 13.217947277431003
260.4365659525619 226.6757554023744 39.75572001160635 9.849439467700668 18.98908767770046
125.96230639955587 80.02958479803151 48.99127468539553 14.208671773124681 14.054257278579216
367.8568421353548 124.07107708550366 14.800418481078694 13.896257602248994 17.23948086047322
84.10277209704441 310.93787409600327 36.828556148180304 41.46282810975654 10.53407970935525
391.2495980772717 436.0672456386245 2.454539966446185 21.808221705989812 20.429951105461726
412.46340624397936 111.05994794555346 28.248829374798806 35.50932897087098 5.565148099823092
519.5138011958742 49.67521674540463 44.738806169916835 32.74176682675447 15.207160541728925
504.17962091215014 541.929125396763 6.933274308891783 40.5475341582206 7.758220393786434
44.119183568087145 32.692455273934556 40.82186689629984 33.80604268723624 23.414106020752993
742.5122803994742 245.59827485813074 43.81910055509473 5.822289730570161 22.912672986634266
746.3639235627837 175.16947864538062 14.491951632121882 24.99139406798886 23.137555180749136
607.6359834799914 373.23320473616747 30.29305058560224 14.916863244911434 8.219818586127198
343.890894145957 139.6885070333569 10.509733598783889 8.628601082256528 14.771197077858162
307.2156216922672 109.50889261057797 17.186812163825955 2.946889035053346 10.056045852694407
378.2673308368359 560.2600102392327 30.980097863862408 9.829868321856228 24.528998105485293
686.7491808008241 222.80220637502495 18.98350580631007 6.63761531457022 20.186934753926373
291.99268112362836 559.7827502406367 1.818355781787111 16.70491128120417 9.761660635507827
247.52478716738466 540.9031582702514 25.720254902334343 45.29901964451132 21.111783572165706
83.21622882125405 29.960494618905905 45.848496894642516 24.563195283704708 12.636801067641096
151.69772742591252 98.11064619309356 31.811038174796487 6.682910875859153 13.696261549465119
766.6509635922512 580.513858218891 1.0114916820951623 22.487408316612868 14.697519815960929
604.0711983253115 498.0916321737984 26.628514229167294 47.36403590830811 22.782494844017027
337.62593332352253 87.31476256256278 2.112604214409538 8.977109687743456 9.533957762518341
528.5833609599235 230.6273510950685 5.588379970267267 9.712446532891075 6.806537366061576
318.4207129681975 136.7047147406969 32.85856936112679 6.152297153411403 15.87026716061867
775.9540914915256 221.61302766399146 27.543174933474866 15.374286789541705 22.331186258450746
643.4975531366931 401.39619476999474 40.06671889011767 42.81430211476556 11.929672853503785
105.41248386978735 532.5933053335596 37.08559183321637 19.938033877674187 24.61824372511472
579.0454705147706 24.81168244758868 19.635415241976062 27.47918816890485 13.700019584114443
562.6651914509853 389.2833645189728 39.40873232268851 10.696499235028536 20.78188019031311
655.4653768565666 461.95948226817205 11.493107528798001 45.02293043593178 15.950928506489308
348.32023281685895 3.4330731103592607 29.399850291779128 16.013295961288485 6.60951376772005
661.6734552801103 532.6052449789876 48.4648430522175 29.457536977903477 23.383406327619262
377.6727175340601 521.9297769188086 37.83567855263521 28.235598961284406 24.796850290899908
244.0334116924212 283.85713674102004 10.061163161506878 26.445504038944666 9.518059641910739
330.18956274704186 12.0039725072891 27.785150942325206 22.660799713514134 18.170211361018325
617.5279962710183 242.77954853150828 18.184021166402164 26.762114311645053 18.80594763084865
662.0879262360264 441.0065877805369 40.44618920055634 1.1390267516438528 22.575337028459174
242.6586670825947 89.38153941281061 40.81493679276235 46.04009988105272 20.496107662862848
784.2495857917886 155.57705936009543 29.687242995771435 45.18059336319799 10.673168477261488
586.2648805474297 296.54323243978223 39.88745614681485 35.74075148131312 5.097942362471526
304.2995864281844 305.6367986377386 15.02459233999919 43.2194465972288 19.138111975464938
149.75501252569364 243.0547298540805 13.812441243546791 14.554950723239745 11.479493857719763
130.2310631189806 358.9456598501174 16.839374420505667 23.070992902906777 11.003602397662732
186.44743369777126 303.0118225300086 34.91258988632563 38.96478279422782 6.951177203785606
720.4878687260389 237.78061557529162 38.473239645341565 41.80374886236933 14.50680595645106
378.1701286813292 143.06231684663652 29.301388806491772 37.812819399248596 17.868335853811352
514.2140203135771 115.37168524708882 24.791101637176688 23.735669893381782 6.1747635026282
478.828786037084 444.301882954232 29.309421766190358 8.706122872871703 14.677051977036859
441.51683796660575 178.20311652028016 38.66916611496162 30.16256730341934 14.55644493734643
300.22856274732504 166.51367386971884 30.293585430807838 36.40315104293291 14.820518348581622
107.42158303859333 227.2070324076422 10.165225460143452 38.65045479738315 21.48990025982824
408.4539915532467 362.619586490357 22.766224702082194 9.924617900234363 17.97498773180927
335.85456393666203 342.6963980930459 29.317875094237937 21.277037853907327 8.714165941189204
464.03790895403347 362.0097586646027 28.033979233518494 24.627871297908136 10.714401110589984
127.895309627419 519.9666387123941 49.26702440133315 49.41900315544712 11.66764756396817
691.9788130031882 6.3417770494837375 8.550366482411338 27.47529979195397 18.493273966654524
171.88364437259042 91.60740617134273 13.807811132586536 22.458349354349313 11.196615401980964
466.42089983391963 210.61130132956362 4.6503939020201 26.000779934658677 19.9328357072649
400.2321163126606 457.38188395664173 14.405328126159322 40.85830464951199 13.429992520546019
470.04951475563644 169.1047044851331 26.26636734089365 31.2774007955736 6.502790258340347
770.2398499181138 66.13068419711352 8.882579711512625 31.25064480452632 23.123073755014758
549.5649205412038 389.2234906551114 7.2163074393883955 14.460849017840234 6.079941353437757
604.3689827002032 262.5274566644332 10.426542794034308 27.623252649880026 5.25899177394805
499.0977909951535 85.24626951917577 30.13277458330795 16.125445738347864 14.367314538467655
713.6542267711164 570.0459007727648 22.667687461878934 4.11914745563829 11.610860686999512
728.2710702435638 166.65021175770266 37.56150453398541 11.726340673592652 8.1678677310008
532.7709893772303 127.49159918340827 36.51062086250816 18.90385601679602 5.360445002928196
52.4771545537242 304.5894889462918 48.03508752898019 24.66748119841272 19.982417813715546
452.1750390662219 559.6136769651507 9.214540545016822 12.652898885798026 18.85413490490781
144.5389059205219 166.1191101324631 32.42430092558392 11.889501381051879 6.861565294846068
132.30994150930093 213.24925730283093 4.232058462212585 5.409362142244083 12.329767561635645
227.5017209210089 173.5107575575483 42.82387433220373 12.826479990041534 6.968225986273035
415.6083882670935 13.188251067045822 29.25668891177458 28.395311257416004 9.20670592254332
420.13868737896104 338.94070327518654 19.954007476308 18.43069822050962 15.545345557976948
740.6147536190314 146.39974967063466 33.24933943727167 24.190478470622562 14.597331464339803
792.6459936362359 95.50337825212401 36.1953973699018 22.598168230583802 15.139601508944132
290.5416425957225 419.764239949457 45.31177081120567 44.95575247749794 15.43402572834676
507.8015757395991 174.13799691634097 19.143636743455637 10.316214287795718 11.775820539215172
354.7317751485607 242.24448497164414 25.75288281474253 41.84401296530217 24.4375782624329
307.9236306585822 331.0273136070726 7.016461279790638 37.72201930707193 14.64059219740742
94.4021824356934 284.14547327478954 6.607330243877628 46.7516893207163 16.569051377176166
447.6991466624603 48.369774933573375 35.50037169318386 13.735520641548533 18.611560930381387
74.55182128652567 498.3079202495732 25.97436422998154 20.29371171523846 10.158232557820707
611.2855952422692 515.3285344084037 44.13589042379913 33.19186542744035 10.118266320642292
255.6538204571024 241.70650121772846 19.559663186555706 28.583443286046904 9.201199517355505
327.9874030665897 87.26953051177284 2.14511263012308 27.331678274426583 22.36063057386764
764.6429094040524 80.84392895397653 30.63940166052398 33.64670514978934 6.042985077322143
704.7628475846408 398.1164556723045 4.561920280851523 22.948574902403717 7.424336670295637
763.4464809659806 267.81394375438157 49.69208978387038 17.25240062799973 21.54715211230172
580.3560032442299 121.43306812692246 23.572455749930413 46.48266797653228 13.462896888951608
279.8715651030506 561.1217051637955 20.230960375936714 12.58688975358919 13.70303750970422
352.0261108582554 360.50556377464727 38.37798146956592 7.379456653125026 14.571261537965396
641.8101148654819 39.88225322804263 34.94249600706257 21.598568204430883 5.296795897702628
319.75232731701533 487.71199886813883 6.498746632100288 43.301743796103956 20.524830467520673
670.5019643610532 450.35009395570773 42.322394565113974 25.384758064242362 10.699938674895028
420.0446792684409 42.45732554197572 20.91875040017228 35.43752064503043 21.03278399497582
120.82132547213077 1.7596315587805011 49.27973371025352 40.65464838769707 23.997113550639796
195.74096280097012 429.20640089573743 49.578395209183704 2.5415440190513223 13.950270583604036
33.3318649458675 189.97599272949586 19.03694238544552 12.877578919285998 12.634166231653959
291.59901613173815 264.10112363049507 18.53402311452422 47.28848708875096 24.96715999035024
186.07233618748296 332.6730000247092 12.42445269804252 5.091338278584328 18.631379321233528
697.312494426281 565.3988492114906 40.27740387917666 9.509532725194376 5.161418947872756
558.8554764420982 441.78172784890774 11.894549762068927 26.70450198243713 13.350948943788213
138.53604078402654 22.7680698002564 20.7298510746406 6.394363976324243 16.554600459004988
714.2338449607098 114.30642590811523 33.252141910202255 39.76236639850018 11.070530493123115
35.371643052393615 321.2334360824148 42.858151882660934 32.43145147939434 20.080107250156836
48.437685641063744 593.7087390517158 38.91728919720725 43.668094348031666 14.496842176821827
9.853949861874463 154.33894945650619 47.59458947169412 26.849670500713888 17.37874206996865
90.52954387904195 15.745726736688274 19.14464995503684 19.947800391213114 24.218135584054444
299.61355323546974 314.6169336572713 6.2507004331109 6.434800262763459 21.340161293766478
438.040753793578 346.6489074947412 31.881197383775287 37.33693875093695 10.367616834982254
163.9623807491429 448.58791977708745 19.191867509539996 6.599866536494519 20.6452314690269
23.52759438949771 460.9928780766676 40.151181030354394 28.840462136017486 13.939893914826445
347.0374440534053 443.80607961831674 30.56348481143383 22.465987533163503 12.62747222626858
58.163734311496874 22.572026409356265 1.025254791666479 6.90338446970906 16.82003797968548
220.78690908553358 267.5958400164871 48.033201973993776 12.89124103606766 15.018798220669698
167.80464219021405 335.5365128295492 31.320730982179864 12.922812916886375 22.263144926980317
781.950889037618 445.443174389816 28.119999302199 8.002613928619066 20.595158180385624
91.33641209732436 279.2974483856286 47.35729491143952 12.86616816571599 23.977151711879475
286.7708707162917 280.0124776516008 10.829867183938447 11.927525172709808 5.973471434183368
389.751101722089 217.06122798986812 18.975153739277243 23.14046690683518 13.851390243069028
515.9840102560667 422.6141189225089 46.19815414118047 21.376497956872186 14.97698706015145
642.7538109065322 223.96964669915724 18.931991926750392 38.31956014205201 11.538721954093916
600.2750562357427 529.9641660951605 15.466780608970874 45.24069937118131 12.788869632602221
524.0617640446078 68.78597115412904 24.005548150026996 16.19354526099999 8.403363760209302
431.3607522547672 504.22630554136686 33.095257673235245 42.88334492253083 15.823013273820619
14.443838901302884 523.8620079469536 33.11770038676149 6.4988447224580455 12.715499786744937
482.3857128634786 83.7338154996495 21.54063631621931 26.721954119409972 16.688783652639366
694.2933901773396 50.14284472715528 16.494340258074786 22.838334962815946 10.395718789406745
721.4664035161205 106.24063130760945 30.744110828870458 18.621627218441056 8.207153157914435
42.7298826034784 567.5103286235897 48.916724264704314 20.756355451553492 8.138025253905337
548.7134682962471 397.98246210651786 39.86009892910752 2.603474016159315 6.106551128540108
160.27198055677945 426.5407714378546 18.091459617378508 22.81929474277456 24.482931929508126
473.6029767283227 3.840165239074466 41.86451161072966 37.17603523638147 19.307220822936518
422.6819146627 183.36654644825273 49.857752316745746 48.32296098441672 14.547709594623704
743.4002998954993 112.23696973542486 23.01786999004599 23.932708593717344 8.674994671532199
174.09436364582913 17.804168082922885 43.60518928692262 27.935213968265227 9.887549803480734
1.7412393234803312 335.47988922938913 7.549474220389901 30.84000353336202 10.433708874083532
115.74335964697195 251.16545513044375 36.83949869049525 29.046796437452063 24.659960601966656
497.24937380122424 209.63568855488833 26.512532327633192 48.2380209505165 16.27698834906579
744.9952907120692 333.5349957027083 21.206785088567063 10.78338671902786 10.258441291161455
92.05535799247636 384.9352701886839 32.25678757641221 7.057150778091477 17.384397849238994
675.7782563448068 361.01162600530006 45.57120678239092 21.794219676887888 14.296158742214073
135.65206435603264 177.50434479964437 48.92254077594507 6.148053723550311 19.355993327602114
493.4378278881705 51.11715203770699 4.492663796717231 3.9219319985028944 16.74425224770597
395.06851475484433 539.954172783156 40.404065403777516 44.153069603719246 16.427644236212505
64.40182219936952 42.820509281471566 41.92855491589075 12.347357827961288 20.713313434900027
770.8087520903197 493.2266758819722 1.3153673476127055 5.6969178051987095 9.674182940833294
190.4365883977549 304.3656506404763 7.398933933312785 41.54295615490426 21.42377789360942
247.34017896159108 431.91502677096537 19.149209130043143 8.226762347444168 20.267988888195013
78.63947148653082 432.1873311154302 15.622539365280094 5.438300609298689 12.017265647635721
130.62491098693414 217.07964837508862 31.41172648529002 13.923251543330208 6.8190581937565415
331.33491125635186 529.9183194200596 35.62029260729331 24.258012145038297 15.754514207801353
26.792771104454335 116.00601712954649 35.47828779030324 9.275118860308199 18.523501443305427
430.70357520046423 506.00927650930595 26.064332852251148 21.021896092171698 11.627331750085732
777.610988562073 582.2204394717039 35.017972101519035 45.15345641728296 12.99774485861192
562.0336145518545 22.376345542305558 43.748755586633706 28.262383474791783 24.34517308599168
61.002947485537035 487.86321808104486 25.419086339167592 45.23418042302595 10.545064753459828
420.98335138756426 468.2509415815708 20.200666418675212 41.00727613715955 13.967314829909192
791.1247912942309 4.842823299878206 15.889181526791525 18.04785354635464 23.021431866907985
762.0059119306683 9.920503847223854 45.81744672929832 43.96597341378928 18.12747743855264
293.07464505801624 590.3426460274113 48.051129034394336 49.63753806792392 14.833578623441959
351.21323939925594 341.1198422859961 38.39215667153467 43.44263488092708 7.889841909806243
699.3667265451436 408.66267719217444 9.491084981782695 26.083278655016308 11.870701462018447
264.33442006138563 417.663058079524 47.31062728130763 6.156159899666902 22.89708464320728
691.0640284239963 73.14942625619179 22.99178071908977 9.01507209250624 18.861843128455334
495.2158876840257 449.608535149722 11.111103154256357 16.578483820432712 12.79801722891152
23.673710313198825 171.34772680297087 3.0909270261001094 36.646560211296254 10.8457769982087
204.4679745520078 378.34125988135736 4.98337715311858 44.8917132931698 9.213019837657392
86.3425401022155 376.40900851529534 3.203062966894653 25.984314288667107 15.783672291895606
643.6108087979416 403.8614264393165 18.345620784573196 49.32147984267288 9.010409685394956
114.85424866898524 586.2743295492074 49.2255235649199 48.320591831509 5.044001176534467
194.42248323891442 399.1162399432211 40.022825014510374 34.61697810404006 17.789530561721616
65.76306313665509 390.93887462464727 33.285097087938595 17.222109815570974 20.31355439390243
26.43573925379223 122.13933649456497 20.113588610853142 22.334114736583565 8.62243038933411
751.5673047129916 313.0737876730901 2.8691467341760433 46.25816821403893 19.770131755964066
791.7369367773792 163.21211927924938 42.177542188907275 31.431744186389313 20.783801237567232
228.03489820602812 214.96596191389176 5.899647192290534 14.145817650614386 24.985974057984944
85.74734126052955 103.2811772274398 20.412720671981287 15.434958236736158 5.949178117691149
98.06969991044684 200.8235271077517 3.554592429359676 22.758478303229936 11.47333048942496
554.6469897619189 521.9132067677651 17.482693166204722 49.054816462251544 23.777506599507852
152.31682946149277 185.3331410157425 49.60101815804229 25.181153701007464 10.054277664531757
474.9492526094968 529.5022067345382 48.26221797625114 30.009812596965617 7.5918696751624415
95.04156027396985 216.44363539603532 14.287661329483027 3.287136440799194 19.917994406941375
568.650612575946 232.03267869792413 14.115762866500827 4.778071418141193 15.76970377497914
184.70374407225967 116.85029700659686 27.141580786329456 30.947900758014157 15.46475240258809
236.83982492570087 354.11990887475 10.226741019010449 15.856046822132328 11.252003115772453
444.6465502713202 189.87653529134994 3.3384505357073615 5.212848349365778 12.533869086144573
150.91629467282044 478.37491829947396 29.731161956611246 41.62280432048628 15.14310440290112
202.01065396124733 296.3685321333866 44.26553799450355 37.55502246343123 21.64237327479608
692.1784083406849 86.36294406478274 36.95510977287149 13.250557093021849 19.624424470356026
745.4937191417847 272.957892040779 1.8922816475634407 10.472299910548955 19.254155749437274
117.8218232146475 525.9335329852152 30.341726102469796 6.981497057612129 18.335288635390384
308.04905322103616 256.3930379294228 19.107011538331367 1.463352110924241 7.25044207810619
206.93816829316572 82.79594551018899 10.813952486515529 30.0561838094366 21.03251226079024
552.7393785486349 146.52937969307942 12.098750841860522 11.219557134525266 16.63861009348635
673.3122932073629 20.601186174158766 6.441124144472343 31.25564861184607 14.840963826950356
427.44378696406403 328.59852165107867 41.56739154319217 9.046877010937969 16.637137431866776
695.3450866353935 184.0818649252562 19.650630489562698 21.36212187493343 21.925715747654657
755.2029863016913 280.2988863701241 48.26929117326612 38.26727404011955 13.691913703180527
7.728602476218625 482.0122916794613 3.593378158953639 44.38410988710609 7.190896707078602
11.955154537928856 592.472663945302 5.4618750634627204 42.06271114831392 17.35776673739973
297.29713466390535 164.80606848784646 18.080133585208284 16.49073529030581 17.941715038448237
773.0676531934836 290.22154515162543 27.841808785851647 1.7842140413785263 18.525871874187057
392.2835011660375 3.7984108391123113 47.15422416930355 30.69640085404341 7.697677931173795
272.2489764093871 104.48684277650521 4.796444025693779 4.72524152765998 18.962297378122244
28.813829222533702 422.9004026770919 26.457222789303525 25.196376573335595 19.94251298450283
738.4960442668188 130.7547951771129 42.25537256724399 44.277058280688365 24.877285958212674
591.4495971864015 501.00654680112797 30.133727736447124 6.2217767898829885 15.028015985002803
760.0986889696337 82.67969891097454 48.26404391184128 18.97150601264582 18.163519876680866
284.78593808886814 307.8326105387767 47.86795839808988 27.53121010679637 9.265781771311104
447.3144438261568 300.2334538541088 7.058592229519112 7.354230366125977 10.481618951512374
14.174731321779795 387.71386285503655 47.46056712348058 34.43735324385988 23.05577874387331
246.10671609847373 308.33783709789805 32.932543609765546 26.802709002452563 12.551984553328055
404.4764848495798 541.1659674966131 12.053858779820747 3.1587214413394538 22.389836824240415
188.8028020352821 96.8157898715201 38.412234768326144 23.14540236849956 5.415852454625883
3.052450454579774 183.96801628356945 36.06560962199193 49.44738456907368 21.969541917882374
704.1989741384655 68.56947050906417 5.13706790450634 49.29092712613681 5.199629251850821
553.9684339059683 85.34578667229344 3.1672720944141384 6.857485178259688 19.29262737209869
168.57559150934537 517.9691378475517 15.639808845038393 26.532620885640775 7.762230578476617
762.3511133367874 498.090605687836 43.26590185259142 14.750831570501242 17.252928386389748
616.374149982866 438.99055752166856 2.7856007877589573 4.950337448688739 5.794797393194058
280.0611226885802 124.63405672183696 40.64815242933183 12.5759404560097 11.992175445329512
72.54794930715764 354.2937419997154 34.629231713282586 21.53742925030391 16.307845830474772
689.142887000818 496.1017267000922 28.89990815562659 22.07563688399646 15.92555547610079
565.4808585558815 520.479250494354 31.639290759613054 46.688969565672934 20.37712881018412
186.98656777810845 29.990389362978334 42.310294614994845 49.67334802570653 20.087915550025052
116.05469136621825 480.625886456566 45.69438244217983 34.30310054315963 15.483323354349343
356.6742194507046 464.5570885027076 21.540792506392624 23.235681328639608 11.32693992516413
768.1493861309676 60.00332890332797 9.63768144303016 18.479795813976718 11.291587231194866
198.74831091270417 395.386739868466 42.929157360436065 3.9127377264377934 18.579433437173222
475.3230735352132 125.81699933755537 33.9672565964698 18.11208559301655 6.357123248869194
75.5824240360418 532.4345614243654 2.8968129761768777 37.60016882363927 17.745241408400787
56.42029405139237 550.886732924439 3.0041187627085764 3.2190795963629695 21.65666433993008
611.8800813854458 32.5457564902158 34.23378067854257 7.358608654303426 9.821111097675978
12.699031120669439 589.3521025377094 27.509580710422227 5.785997237542774 9.240274896765463
702.5882859592213 523.8655547525459 16.196317140425677 17.555218038981007 24.337252095952028
67.09116059573464 574.5550561759003 31.68789857642671 46.97527349142577 14.442591308302621
593.9773755510189 54.4064323142403 40.2218954217963 29.575259476090856 6.178245764656367
536.2851770096617 540.051976542319 44.10718701250207 21.628910652371726 8.31963759255316
717.8824803101885 498.4769891992459 28.949597912435337 13.283773946514629 14.055578766586754
68.34329575741107 497.7860217929629 10.67722544921355 15.973333604685562 15.181157624791412
582.475132768859 162.74826791019024 31.140165171412402 25.421093010069498 12.782209152517595
100.9718450623054 389.49535607340175 39.14109573090676 20.79452889946827 6.726051246800844
11.574144851311477 371.8931755806828 45.9808241191628 25.2924202683046 7.6934880795088585
463.81435044590205 148.7901915831443 48.85087762528226 28.207187971018918 9.37953279746177
163.82555347512042 466.3442810226661 28.300627302418203 41.28986389102661 10.739276365021908
165.22671241224728 6.502837444169628 23.016164539358353 17.583688933896564 11.557036817616908
52.28262340647243 95.54220631252254 43.030483433223324 15.372525655809387 5.677420950794598
640.9480745843248 58.05802750223288 34.326476449770986 10.527186616607024 10.886252176606435
221.4746815838139 266.7652392963547 26.13972170536955 38.861767615887594 20.22975967279828
348.4563760433623 157.04174069214497 42.37134520853714 36.71095598246334 12.6119806939933
235.22886153991624 302.320164471103 2.542276523933796 44.098166658323116 10.881713681408321
161.1816015506131 97.83363754486064 45.709582172400225 34.409723891876006 5.758320937163179
735.8428971715126 577.5219391100029 48.56791460403231 1.2954363556348956 10.141127551713732
59.262317390464844 160.24106164524898 36.694986660618696 43.01749603998382 15.961013477960845
257.020970442797 62.886644549635065 35.46809579216963 32.53455889783872 24.50959124506882
14.321206746452349 167.31160734228027 38.25035006978151 7.382810244820348 7.604169654531536
296.88351614474135 190.60939389234426 19.70578129459828 34.31630650766271 16.210819151180296
57.48674414870462 159.84849948971654 5.02428373162171 7.452157917216544 23.95708936465798
549.7286516439698 78.39875118664018 1.0507186022093382 20.55827245536857 13.97903060874132
418.31137515975803 211.20227105370782 26.67327826316422 47.25423547841612 14.927968051703356
127.72557894411462 122.70599509314287 6.556492303033062 15.837516383358887 13.111487070368637
704.5777629432081 187.41641591735606 25.119905901671906 44.39368232691403 16.91403365919321
325.8042160492129 521.3359940346234 32.5760705029533 16.074307560629208 16.771627338072726
262.5177140095874 433.1721148539814 38.36063738870888 25.868061996502274 18.676597510852957
568.4006482881432 251.28302422381088 10.02502250803091 9.586357742389067 17.49344884894461
251.50127437164383 426.77122489209745 7.874993104598886 9.54415305387756 8.411627998443585
229.93316149299054 542.7271961923325 3.025386064687914 17.45511699313469 7.347122133508592
123.62280310087094 440.83968035159126 36.641415731451715 49.100538684712674 8.991354317312004
759.7106000948138 124.69400622241278 34.960988239734476 15.702529748193696 18.706135554321037
453.18634941049453 258.90081769682035 5.742096919901396 18.68731654335287 16.05206629049884
143.98548617104368 9.560715257585086 9.40231437608014 8.722979989170534 15.49578604652191
592.2755820224135 115.49394550506545 41.165208037749515 6.198115642857197 14.092236524689767
444.9119825133459 537.9406747872084 24.574875302202464 43.42380271011486 21.752386954745376
293.3132641894408 442.2872316062812 44.64235895008545 48.57509786304284 12.480409577815166
308.8887622170262 50.442896204590404 32.26100923497832 5.34965595371719 23.895378937838913
607.7374485832574 387.50060948232004 45.72421606992074 33.35812977606995 11.27346286318652
41.07459413677253 531.2513087983918 5.6565228044561735 39.78039833074914 22.986440181721925