800
2659275.619625767 1.0046164167898205E8 27.530021441094732 318.5525797614596 1.0E25
1.304742414054159E8 2.6413628682522106E8 -376.9468680319086 506.39954130804404 3.0000000000000003E26
3.8185835395664686E8 3.8244397932061955E7 794.1128133389145 -473.0412021229083 3.0000000000000003E26
2.202712198702836E8 2.7897210980519426E8 -574.4105918813285 -12.12350880733834 3.0000000000000003E26
1.3335224005374415E8 1.4689963740859106E7 387.2267059891328 864.6075509432253 3.0000000000000003E26
6.81278588558276E7 3.2166354596261956E7 -956.8843535131937 467.79300418527237 6.000000000000001E27
5.9280569949776135E7 9412721.863906465 -232.23834836250398 -963.7651866623276 1.0E25
4.155227198973744E8 1.0253883136038592E8 269.44634887136704 -232.76582499596236 6.000000000000001E27
3.27844497897588E8 2.1250950957638016E8 -391.36607145281357 -160.28044905524575 1.0E28
2.003007243696035E8 2.8220797890914756E8 -371.39487199592656 47.15716240793063 6.000000000000001E27
2.09679726012481E8 6.754556698250648E7 -776.5952729466447 -456.1019212959685 1.0E25
2.850170647707359E8 2.1380070954232705E8 -121.34305716976701 607.2021013047868 3.0000000000000003E26
2.5953997459499127E8 5.2264231460872844E7 663.3304709998724 196.74167392114532 1.0E28
2.22782326158807E8 2.0618459415868503E8 -810.6736540702282 242.79165655803126 6.000000000000001E27
1.825915407896491E8 1.446565967222997E8 63.96977703157563 203.83432108998045 1.0E25
3.408728920347621E8 2.1760901148127553E8 843.157717314597 -109.49163723301854 1.0E28
3.111018144710057E8 1.1900302986919829E8 -837.1690522374261 800.2907855919334 1.0E28
2.333039529871414E8 6.3025114509753466E7 712.298746110652 369.7238182972253 1.0E28
3.360935179483611E8 2.5138351950220928E8 411.29740222510986 -404.0263383857814 6.000000000000001E27
1.4197303078199926E8 7.998704711870101E7 128.67817800761236 -937.4227479310078 3.0000000000000003E26
3.415919354151333E8 5140166.346505974 773.3581472386813 -114.73177805505975 3.0000000000000003E26
4.223860560212203E8 1.994310896752264E8 166.0387397914153 -912.4945580736245 6.000000000000001E27
3.449088896243516E8 6.3350183552843586E7 509.55703344118183 -260.28977658956603 6.000000000000001E27
2.201731444983082E8 2.911018755355577E8 -583.0997669528622 817.6288165511692 6.000000000000001E27
3.406967345456881E8 2.0378540723470825E8 -576.2097344250797 55.947450548644156 1.0E28
1.0863895717615542E8 2.480907029827162E8 -597.9546132438641 931.3315631827761 3.0000000000000003E26
3.5528744411513007E8 2.6169834657177958E8 -768.7152038087672 -95.35117263688358 3.0000000000000003E26
2.0132532903594938E8 1.7893198568171692E8 865.3124018999029 336.94963411923527 1.0E25
3.713064558749756E8 2.4459174109093153E8 223.60442096273096 -961.0899315216805 1.0E28
1.9939877313618043E8 2.331342365793559E8 874.6638184227284 591.6276115935902 3.0000000000000003E26
1.6150076414844504E8 7.847153100235958E7 -893.8934430889784 735.0874135859613 6.000000000000001E27
1.3009915253112021E8 2.1074032385173514E8 -666.7037852436424 312.32543347512274 3.0000000000000003E26
1.9063350093606532E8 1.6012754977229548E8 -139.16683442447606 -25.984929496134328 1.0E28
4.422350582130665E8 1.0726132207179374E8 -970.3753454128589 756.7744284188634 6.000000000000001E27
1.983868096995538E8 1.0880299226942883E8 -515.2984538609246 975.721421355853 1.0E25
3.2418209247799975E8 1.6786032366681102E8 -573.2229318370503 544.694354732216 3.0000000000000003E26
3598805.567889017 6.805938468261641E7 248.5879749716264 -526.4127267270093 3.0000000000000003E26
2.1707057813689378E8 3.831221793207678E7 173.7749167917466 317.00532948764817 6.000000000000001E27
4.3292759375630534E8 1.4197345728629258E8 -584.1044030687656 634.7276983955569 3.0000000000000003E26
4.2367001443946093E8 3.514904067546942E7 883.1628188530399 194.49291081401225 3.0000000000000003E26
2.808764940101458E8 1.5678136102118915E8 646.5859297478819 856.1019171963421 6.000000000000001E27
1.499527380614999E8 1.3025605102325977E8 472.8284681063849 -91.278282309715 6.000000000000001E27
2.2295099463677412E8 1.673313347109513E8 -870.0466948043914 -190.35107603323775 1.0E25
2.7574576728791386E8 1.395109048468998E8 705.2752978736962 427.924082757163 3.0000000000000003E26
2.1929853385738355E8 1.802844097407507E8 -853.6586566964717 43.82980466035224 1.0E25
7.079520411077729E7 5242942.988131225 245.36847726951555 -636.4747758763369 6.000000000000001E27
4.003827712688095E8 1.539614131520103E8 -372.84094290263783 -417.64110844314575 1.0E25
3.5707757566130704E8 2.79755070014514E8 -764.4419569183985 -843.5228772922196 1.0E28
3.477803170261314E8 2.7871014313677007E8 443.2532008549872 405.18750508039034 3.0000000000000003E26
3.346769901894718E8 1.652802298025886E8 195.83361465855228 468.1632310100306 6.000000000000001E27
3042844.1487346096 1.1889773045567635E8 -205.3554206238108 396.8417442994262 1.0E28
4.410436826236825E8 1.0413010506038839E8 -74.9853669316484 -180.52684446549858 6.000000000000001E27
1.6544908968485418E8 2.236274404399502E8 -837.2670288981528 536.9113556581467 3.0000000000000003E26
1.5991573501177767E8 5902502.976072852 -587.1872551799574 629.3251247638977 1.0E25
1.261562815792512E8 4.2508801693383984E7 -293.869612520524 144.56173857966996 1.0E28
3.908988891060071E8 7.598553429541022E7 924.0953446754049 767.198282724012 3.0000000000000003E26
1.7367546274558207E8 9.835413783048046E7 603.7729523147184 -598.3591586983596 1.0E28
2.6654898179928258E8 1.8708871445346987E8 -0.34092960618738744 504.81202058213944 1.0E28
5.326926199075172E7 1.7882208142411068E7 -682.1987831740726 805.8428775312445 1.0E25
3.4628768050391823E8 2.3839796977068248E8 800.1100665221591 660.3187750562788 1.0E28
8.298441596652056E7 5.871269545461033E7 -211.0419978919349 551.0599629195144 3.0000000000000003E26
1.0336431034471966E8 4.857572287291454E7 -937.7850713794218 -513.9689752902798 1.0E25
3.202346019537942E8 1.9341505680697688E8 -374.0659161297607 950.9087849851728 6.000000000000001E27
1899002.292276873 4.5577234576564446E7 707.6957206524537 533.7474594122307 1.0E28
4.33445579690431E7 1.128026485621029E7 896.8648747227985 -740.6006934356028 1.0E28
1.477002185687575E8 1.9437489249876264E8 -588.6869876833767 -994.9620046042567 6.000000000000001E27
1.929677119425176E8 2.4848845041478544E8 532.138610385837 -367.93861167726755 6.000000000000001E27
1.7502227243269894E8 1.9574762832662743E8 -853.5858583639806 681.9501046492048 6.000000000000001E27
6.6396457448916085E7 2.499909508623475E8 812.0848598566661 -731.1495103245202 6.000000000000001E27
2.412712608308829E7 1.8956342067399946E8 -156.31316458816218 -919.5314395938634 1.0E25
2.3391095638162043E7 2.1910429764191285E8 143.1536097172184 -718.1023607994122 3.0000000000000003E26
2.3925375187048826E8 2.2912907291607073E8 -945.3057713139364 347.84394284321183 3.0000000000000003E26
3.569181101303953E7 1.238226662407742E8 350.7341147793404 -377.71109801794717 6.000000000000001E27
1.983290602306356E8 2.5055867913957268E8 110.98523144725368 239.65718823422185 1.0E28
3.3531718584694874E8 1.7534783584806538E8 31.073405346484606 -892.5217374342433 3.0000000000000003E26
3.8424838810918206E8 2.867255367733839E8 452.0672514037135 343.9472764048867 3.0000000000000003E26
2.462405171070056E7 2.4493985829931766E8 977.294040771751 537.6347561668617 1.0E25
5.705109022245571E7 1.610365360690935E8 809.7405958453796 -984.9516081513559 3.0000000000000003E26
2.0320948064201468E8 5.011103081944355E7 101.64942782682783 144.97093994910006 6.000000000000001E27
4.2351626983148485E8 5.8718163491832465E7 -930.030248535329 -805.7109983960331 3.0000000000000003E26
2.9230308993493967E7 2.506428045950716E8 -681.0581072020441 662.215532101678 1.0E28
3.390728081811834E8 2.759885798024277E8 322.3904252709651 556.6504338830878 3.0000000000000003E26
2.8868342214516217E8 1.0014176049635044E8 -874.0713436069766 662.4919856949359 3.0000000000000003E26
3.987928958797181E8 1.173665324793458E7 481.3110941558043 139.78223766641236 1.0E25
1.1768513907253154E8 2.0992994872513175E8 609.1958724734018 182.6144531851894 6.000000000000001E27
1.940941295649051E8 1.3612734643703023E8 -344.2067470502226 611.7745495673728 6.000000000000001E27
1.542229424835619E8 6295518.57767761 734.9512108382992 -106.33256947904192 6.000000000000001E27
2.1678900719957826E8 3.809698509232402E7 145.5154148929803 -546.6962781397788 1.0E25
1.9456704611571234E8 2.1395680988163328E8 -628.2951697025272 -751.2912705887936 3.0000000000000003E26
4.2292627582187426E8 1.616125636024702E8 -429.8823832027497 -945.363891610293 3.0000000000000003E26
1.440872763868913E8 2.5826396444794044E8 -261.4682701309016 -774.1772080333933 3.0000000000000003E26
1.3251577279317713E8 1.5896325897257075E8 414.85822143572 -133.39755108274812 6.000000000000001E27
1.6788398708422625E8 1.2727254857511175E8 -951.6357040770798 943.9129945613872 1.0E25
3.242476005805185E7 2.7819152932969356E8 723.512444624932 500.57473154807053 6.000000000000001E27
2.992555626928993E8 1.3108178394017477E8 -47.70154414996239 900.6958093158869 3.0000000000000003E26
2.300627601356798E8 1.3179562234049626E8 117.6179715561525 662.3871083865995 6.000000000000001E27
8.487231143362103E7 6193265.083656023 114.63437981183574 643.0474458391996 3.0000000000000003E26
1.9426728107178175E8 2.5615130063905355E8 724.591520959408 129.67063347733915 3.0000000000000003E26
2.7398945444496375E8 1.3593988822210523E8 448.1534804610044 -959.8579357993493 3.0000000000000003E26
2.17232427843188E8 2.4964802820323917E8 593.8606208103861 -39.48975988944369 6.000000000000001E27
2.012502588239966E8 1.923982192274021E8 247.97278428545383 978.750774004827 3.0000000000000003E26
3.1784739199398124E8 5.131270289624285E7 -53.51764858365516 744.4025238812471 6.000000000000001E27
2.7778051268470174E8 3.4051213844546124E7 73.15346794077709 352.4749696761512 3.0000000000000003E26
2.0676743639614293E8 2873394.963174717 222.56375341748685 -919.9183821035289 3.0000000000000003E26
3.084029014479167E8 4.387200688899552E7 532.6788288477987 -96.050877062626 3.0000000000000003E26
3.636893240712391E7 2.807242900824949E8 753.0010609957287 375.70161937226726 6.000000000000001E27
7.839723504694903E7 2.7817447340667087E8 415.4889069459243 307.8466177562468 3.0000000000000003E26
3.3802031815631606E7 5.963448065788517E7 -606.7297459227992 -498.401534557945 3.0000000000000003E26
3.964160425492562E8 1.118475882617757E8 395.16968054479526 320.5803246868552 6.000000000000001E27
3.0831468771082985E8 1.1919798262503435E8 375.4209350881463 245.3096795575334 1.0E28
3.7773769394616246E8 2.6521535736166176E8 -998.23845138997 680.4335047909303 6.000000000000001E27
1.3791340554370105E8 9.680955093477094E7 -353.4603012104708 -100.2177103220464 6.000000000000001E27
2.399246426741146E8 3.842413100143551E7 962.7785701215837 -364.44808055104306 3.0000000000000003E26
1.3357883280466795E8 1.2710329318920524E8 75.30036405011629 794.747275677943 6.000000000000001E27
4.413029073572199E7 2.475466587815726E8 -583.8724073000238 434.14424398087135 1.0E25
2.8592187318491066E8 1.0748419732277085E8 262.13480643764524 -14.245019375864445 3.0000000000000003E26
1.5870401397975096E8 8967948.953627476 -112.42056090837343 221.78589165253084 1.0E25
1.6365378949297777E8 2.6122340069884798E8 475.9290541492044 641.4388015433267 3.0000000000000003E26
2.9401760016182756E8 1.020369896929237E8 -698.9182269744649 -310.8886986753106 3.0000000000000003E26
2.3481295503245667E7 2.749276426178785E8 948.1468937182392 -513.5234306005202 1.0E28
4.092448196719294E8 1.1588506727341282E8 299.4973929846112 -725.8291835393991 3.0000000000000003E26
2.1767372316479045E8 1.4952544842425093E8 954.1384067246111 -184.37340878784516 3.0000000000000003E26
2.6935575651185787E8 8.443670819241178E7 706.7137036922863 161.369487324371 1.0E28
1.244221623521025E8 2.1766513751918852E8 483.12110539429045 471.9969847944892 3.0000000000000003E26
1.3727711701353663E8 9.39790467572898E7 536.0665320401285 791.3036324741745 3.0000000000000003E26
3.916358610894567E8 1.289432092466139E8 -159.49860538976952 434.63454966107383 1.0E28
3.8891944634170675E8 2.4823714086206414E7 160.16329635817215 899.8563507432909 3.0000000000000003E26
3.1105283097743994E8 1.750580232925364E8 155.69487962707672 -542.9484578412862 6.000000000000001E27
1.425650407492637E8 1.9507640554219815E8 -470.3594969368063 -443.9417615798319 3.0000000000000003E26
4.0570479442274964E8 1.1406250161599678E8 -169.67817933244885 -918.1855960664026 3.0000000000000003E26
2.408554051283646E8 2.607598735468945E8 -41.25542054736559 -608.8026728897532 1.0E28
2.1674243379028922E8 7.750471794859749E7 -328.69025207800644 198.84770643577485 1.0E28
3.2724305447188787E7 1.772340581272868E8 -660.3516285491701 839.2677455971289 3.0000000000000003E26
2.428654075509308E8 2.6798766134858015E8 -509.7195872316512 -435.87623791060173 3.0000000000000003E26
1.0266743163148691E8 6.140989663786118E7 -282.20872690355986 -828.3403533283458 6.000000000000001E27
2.7772097724036634E8 2.2292503186724764E8 -190.80546029659797 981.5551791457763 1.0E25
2.029939521756613E8 2.2016548650243023E8 -796.3779600839962 341.1493293633955 3.0000000000000003E26
2.0144950724497384E8 1.877176425032329E8 -994.832985963864 495.7457576178683 1.0E25
3.297852001125909E8 2.2549181007892442E8 -33.29286132839911 -24.827438447154805 1.0E25
2.1800360709449401E8 1.5637130381373423E8 565.053469138606 -723.9835394540263 3.0000000000000003E26
2.2382197881719467E8 1.7850472509037364E8 673.1948869435428 342.53756518819046 3.0000000000000003E26
1.6053905582099763E8 1.6240028132922905E7 428.78291552911696 -839.53743367372 3.0000000000000003E26
2.4067354216690654E8 5.66590148499111E7 -277.02411506895623 -890.5786878495774 3.0000000000000003E26
1.5390983810251153E8 2.1966275165947855E8 -241.28219901966384 146.54812037632223 1.0E25
3.4105297786282176E8 6.933510148188165E7 940.0929039901853 452.5224183757841 3.0000000000000003E26
3.78674739293402E8 2.3117748618911505E7 -397.1532108659019 -506.3563484844341 6.000000000000001E27
2.634822867423111E8 1.5445817522374022E8 -616.9986416735832 -729.2768839201179 1.0E28
4.372488980892021E7 2.4550168853214425E8 -850.5575515293682 551.394064943441 1.0E28
2.824716954110245E8 1.9501240684225148E8 -736.6996497009837 447.711592154096 6.000000000000001E27
2.0439078398715505E8 2.1165284537678832E8 611.5804899561792 -295.2994721248383 1.0E25
1.7992900767847825E7 3990616.5702559366 -984.3899942083829 331.6904229952645 1.0E25
4.425311289006027E7 2.0118515754787067E8 990.5418603405062 -275.56655319306265 1.0E28
3.933857724730862E8 1.0738462236084017E8 -427.90891817479667 695.0554838496955 6.000000000000001E27
1.641859952527571E8 6.1003123026307836E7 214.58706099595747 14.694117947486916 6.000000000000001E27
1.364723284950799E8 2.3043438324803206E8 183.84988416063106 738.5751480175466 1.0E25
2.709983966772382E8 5.518973199840677E7 -366.3305411180703 261.12546210040455 3.0000000000000003E26
4.1092184208215845E8 2.4499104623643306E8 770.4650716394447 425.983812908441 3.0000000000000003E26
2.1975061046301034E8 6.82936714314606E7 990.6640777755165 -681.5393884984178 6.000000000000001E27
2.4180099520213798E8 1.3020022108598116E8 791.3684485588269 111.67240091807821 1.0E25
3.360327458883786E8 5.079610971581977E7 281.24588841431955 -780.6000633776328 3.0000000000000003E26
3.8114868786533856E8 1.6795213844830534E8 -980.2739000606132 -277.4914005042923 3.0000000000000003E26
4.2276316850789213E8 7.033950837524004E7 139.31916998648853 -832.8566850756976 6.000000000000001E27
3.263609918866919E8 1.4194838193065116E8 -889.8566260338583 391.23794629195936 3.0000000000000003E26
2.0850811930398273E8 1.6379670827872482E8 348.33777218039813 -451.72880816642305 1.0E28
4.2165410613880754E8 1.7358354510213345E8 -630.5270092959275 -510.05251381224974 1.0E28
9.818088641877455E7 1.5014607098041898E8 -192.027448803193 407.3843926780776 1.0E28
1.8795231275953716E8 2.0283151849586195E8 -855.326199245979 437.04586175901636 1.0E25
4.179645188404428E8 4.466077303578098E7 -43.32158890836115 -476.6330707759812 3.0000000000000003E26
4.613950914903496E7 1.5327086581497455E8 -482.84060578192896 908.0131269870842 3.0000000000000003E26
1.6456499945657456E8 8.429753079084486E7 638.1427527573169 38.64079215137917 1.0E28
3.371183444511039E8 8.3120653072135E7 790.920378302621 355.9763939482468 3.0000000000000003E26
2.651202223146579E8 2.0698565932032698E8 -922.4951697732976 -529.6808110971361 6.000000000000001E27
2.9941060755718297E8 2.8187603567970365E8 135.60274312889828 -111.7976100753574 3.0000000000000003E26
3.599730731748079E8 6.122518047507683E7 789.3167623820029 -602.8583633797043 6.000000000000001E27
2.1732714077617225E8 2.6747354465819165E8 838.302791608274 -962.1171032554182 1.0E25
1.7820658898066086E8 1.4357903129203445E8 -438.5368412113098 -954.9336040347744 1.0E25
1.4654060032396987E8 1.8515551169452044E8 273.3921209823204 896.698070114013 3.0000000000000003E26
4.014891521651875E8 8.397949791710976E7 118.70566250788647 -346.09729101022356 3.0000000000000003E26
2.490902755385274E8 1.7069499927747425E8 801.9311664846482 -633.5606355162171 1.0E28
2.8703247974933493E8 1.499531348239133E8 873.0048482530726 586.5590125518661 6.000000000000001E27
2.901290356590172E8 5.774263224158572E7 631.0577635416889 197.3704850731399 1.0E25
2.968403655566516E8 2.6542951535208058E8 -579.3213004820248 767.9535484886665 1.0E28
1.2590939516075893E8 6.415005391059552E7 816.9573488714882 403.71480616409326 1.0E25
4.3950026225976336E8 6.267647976613066E7 712.461419358254 654.1494922212071 6.000000000000001E27
4.096895399849469E8 9.099089237006174E7 177.12221145085186 983.9340425585458 6.000000000000001E27
2.3518673985673782E8 1.8399762286049506E8 -344.6445885997389 -467.480286198631 3.0000000000000003E26
1.441046802416781E8 4612869.964356959 -644.5152656108155 451.8615963911923 1.0E28
2.715840779185804E8 1.9900543771961448E8 -95.65707180138202 730.0798777851808 1.0E25
3.453721105694149E8 1.5749527683258548E8 508.75313942470734 214.8755564764606 6.000000000000001E27
3.3223620494296926E8 5.8829372836520165E7 -55.38335903138034 -857.6713516722397 3.0000000000000003E26
1.769095076491411E8 7.020455609413812E7 396.8748984055376 -647.4627515139289 1.0E28
3.731718752493649E8 1.525454743549271E8 937.3587592535273 -693.0457824947475 6.000000000000001E27
2.3139139886637133E8 1.5458397006306958E8 -354.3173425208365 -995.5746315771269 6.000000000000001E27
3.11346970232445E8 1.8788791300539726E8 -231.33213350423 842.4833675051143 6.000000000000001E27
7.687757528917937E7 1.7248709640671384E8 870.5280295709385 630.5073722265372 1.0E28
2.2510624150571507E8 1.5038064406558944E7 -648.7961666245204 -938.0953896900871 1.0E25
1.9140510678530058E8 1.3280899994130938E8 504.3456264978645 -624.4070059370903 6.000000000000001E27
2.9698984079343736E8 7.177054694418891E7 272.2567596173599 -382.5390831269814 6.000000000000001E27
3.495196341987652E8 8.679300559436257E7 -357.69854572001907 159.29692856281326 6.000000000000001E27
2.393222357034247E8 2.3924937223038945E8 775.2942233022613 680.3206986398127 1.0E28
3.435722517858222E8 1.035350854063826E8 -778.1778697159071 -122.8694855712165 1.0E25
7.433099673257835E7 1.1945755290976219E8 -127.29076409743777 617.7557463038518 3.0000000000000003E26
1.719764713856222E8 1.72027263727303E8 -850.3429974189773 -122.22640872058469 6.000000000000001E27
3.22708192172085E7 3.756598423501523E7 -87.63135719818013 -987.4793582566795 3.0000000000000003E26
7.313362791862603E7 1.6004588171542326E8 663.1432140344564 -898.7762298045734 1.0E25
5.606340625827481E7 2.874507748183589E8 447.10136887104045 -892.5108193092994 6.000000000000001E27
9.847397944844517E7 2.4046733277270135E8 -112.59730715611408 818.1531177277341 3.0000000000000003E26
1.8128214887456238E8 1.5687593847745693E8 940.2000415323776 -299.40866666383283 1.0E28
2.3687399413465685E8 1.870693983656468E8 -982.1595288948969 -507.25810579919374 6.000000000000001E27
1.8913291234883434E8 1.540317866652947E8 304.1361381983186 10.955823428152371 6.000000000000001E27
9.315972480701332E7 2.799956280872422E7 363.50832635821257 -826.8793037962162 3.0000000000000003E26
3.152067444404356E8 1.0563650510812244E8 -51.418084763899856 -782.1794606432318 3.0000000000000003E26
1.1766884465479015E8 6478717.906523431 152.28144022886295 0.9996849767550202 6.000000000000001E27
1.6801715062160143E8 3.0267893940298453E7 841.6346347789115 -113.43313849914318 3.0000000000000003E26
1.428970959045497E8 1.6895563353869617E8 887.9362159369439 448.55718688719 6.000000000000001E27
9.72740533470787E7 1.5609582959467557E8 830.2693725509496 278.68166876179566 1.0E28
4.196525515196383E8 2.799412868925097E8 -391.6600083202969 -920.7950990044453 1.0E28
3.3238475932260364E8 2.236428062280211E8 -649.0106996752622 69.98739890000411 3.0000000000000003E26
3.454841390438612E8 2.2577946906768468E8 610.7309904580222 -91.25115093199668 3.0000000000000003E26
5.244883774153526E7 1.0835219497461702E8 801.662268480726 37.21302312710077 6.000000000000001E27
3.623642460036292E8 8.639666937586549E7 -490.6971986527708 -664.9258412585436 1.0E25
3.695824552420771E8 2.3498362076565197E8 745.4559904188327 -912.5585099332131 6.000000000000001E27
3.784598117071233E8 2.26579360986111E8 -424.24002669223864 398.9428645566486 1.0E28
4.0401461232550764E8 3.820979887386946E7 171.72078213473696 140.85980351640887 6.000000000000001E27
8.909008081848696E7 1.263219931016046E8 -524.3953382207312 -265.4931034781615 3.0000000000000003E26
3.949969792615298E8 2.3623092605486152E8 187.78676425891263 -991.8173015572779 1.0E28
2858415.783821367 2.817917599763067E8 -760.5125092821706 -548.3121083485374 6.000000000000001E27
1.3614240403219506E8 7.142745771970168E7 -662.1002662186748 -231.58337818973746 1.0E28
5.696847774407154E7 6.168583919540422E7 681.0264398868044 648.7045562958517 6.000000000000001E27
4.373281488359888E8 9.340679196644871E7 507.42182381131215 358.99321375675845 3.0000000000000003E26
8.546663705463073E7 3.43948762988181E7 -111.99942931761973 86.56996902532069 1.0E25
7.179351125193629E7 8.234294777118814E7 87.77661419139417 -922.3801549595703 3.0000000000000003E26
4.0401201375706816E8 6.342452445887725E7 603.3691493487095 -720.2831686318547 1.0E25
3.9554404462665135E8 1.4685769969068724E8 -854.7282246845443 -559.7147064884268 3.0000000000000003E26
1.9183345380995458E8 1.9329496098689774E8 -318.81696824339156 139.7184705525733 3.0000000000000003E26
4.3741460670820427E8 1.2032849020292692E8 238.53277599603166 -848.8021111005326 3.0000000000000003E26
2.793701791530125E8 2.83885488254389E8 706.344172494451 9.081439165413599 6.000000000000001E27
1.1069082113845265E8 8.212476731729282E7 899.0257797694858 432.9313556061061 3.0000000000000003E26
6.753837985794578E7 1.3457942227974683E8 -335.5437898547517 -893.1847053096989 3.0000000000000003E26
3.891680871844964E8 9.916532717069036E7 383.52399743066167 -522.2128040168348 1.0E25
1.674815558935574E8 1.5856123234809223E8 331.4889415547368 92.00558425250983 3.0000000000000003E26
2.76587624880673E8 8.0970469405341E7 -793.0793484702309 573.3478188991667 1.0E28
1.6740544054226643E8 2.0360237585838526E8 21.87274588800176 -483.7069444462654 3.0000000000000003E26
2.2321332116487738E8 2.4252444979217643E8 -899.1526883049926 -730.9347868455541 1.0E25
2.744259800441923E8 2.0025760333287102E8 -615.6698826614456 -266.589701506917 1.0E28
1.9047117116785735E8 6.3845581612203784E7 -137.0015892235275 -198.40164175854068 3.0000000000000003E26
2.6084525313267717E8 1.5006920138783482E8 -932.4423532796457 -346.0470897481148 6.000000000000001E27
4.2039818318706006E8 1.2281574177218421E8 332.0757789480708 498.74187177143926 3.0000000000000003E26
9.265816102139853E7 2.0751695008455494E8 57.77349739247052 -903.8723788571918 6.000000000000001E27
4.2369146823970735E8 1.9173650717891684E8 -828.9332845073285 816.3669334995466 3.0000000000000003E26
4.090151532790709E8 1.706783706267371E7 24.545777762896932 74.37388925270488 6.000000000000001E27
3.541871838157755E8 1.4139333866023517E8 -142.80835646939352 446.68045733199915 6.000000000000001E27
1.9875263271460035E8 5.691354261793141E7 -210.19961618496416 -952.3990883450462 6.000000000000001E27
3.8893837946519536E8 1.7370167812217945E8 -695.1436465326149 -747.419695461383 6.000000000000001E27
2.054560177838057E8 2.450125033740394E8 -483.03739218085593 -202.78294268134323 1.0E25
3.7066242846724635E8 1.1045084179094164E8 752.1997855051202 -282.6035834846342 3.0000000000000003E26
2.2109186910943158E7 1.5600065145297077E8 -96.00575899014575 -441.40517895825167 6.000000000000001E27
3.116821489777103E8 7467814.877634122 -627.7552012798894 790.2316113271686 3.0000000000000003E26
2.3739675030663922E8 1.5222894993708277E8 -158.76484892063593 -682.1432695506156 3.0000000000000003E26
4.172336001353037E7 1.403535408880517E8 583.9497472943892 245.50027895847188 6.000000000000001E27
1.6096953469259046E7 1.695414946146849E8 988.209831088611 -429.3297226330153 1.0E28
2.5653400581359756E8 1.393662611605661E8 -897.1185469604824 477.57330369468104 3.0000000000000003E26
1.2964795480665399E8 2.707624777529156E7 611.606359438531 639.690904992631 1.0E25
3.735609299821393E8 2.3701671516748032E8 -329.66559628715095 614.3155875832242 6.000000000000001E27
1.7666851688289553E8 2.839296019695821E8 936.8289740568484 870.5220418185527 1.0E28
3.2879941897561544E8 5.928351063784757E7 -611.8870787919545 -781.6925980070658 6.000000000000001E27
1.6957007630807224E8 2.03172331846181E8 136.6533837044185 -590.0023175094767 1.0E25
1.1288854517751937E8 2.5623304546215698E7 213.26583212277887 -845.0918396161906 1.0E28
3.557657875132952E8 9.861288224896415E7 792.5220157946592 51.7140489435219 1.0E28
3.126978489699095E8 1.5814279277304143E8 -10.238989953401074 -512.2952888196918 6.000000000000001E27
6.55837667879656E7 5.910144468774831E7 -986.2157916690298 912.3136787660628 6.000000000000001E27
5.6282961314561985E7 1.9070803884225586E8 346.6578820241648 755.1142717261407 1.0E25
3.3393954156974334E8 2.70290628906891E8 -946.7456178245217 965.8760920356913 6.000000000000001E27
4.156524667910462E8 6.880391819559419E7 -359.9442097003722 664.7321668787549 6.000000000000001E27
2.802676419380168E8 1.0165448124000904E8 -148.1976643721457 216.01144778148478 3.0000000000000003E26
2.0745592970388863E7 1.903202306751901E8 -799.9367195154554 -912.1501788881003 3.0000000000000003E26
1.7612257912986928E8 1.3994895199432355E8 917.4397375330293 -735.9475050501503 3.0000000000000003E26
1.7589921357658312E8 1.5921579322622456E7 -522.1315153402463 48.25890317030576 1.0E25
2.878442860531861E8 2.6915202282189626E8 -233.4110036273346 -967.9504168689756 1.0E28
3.5936780033589906E8 9.275478257991496E7 969.6303436204514 1.020222229823844 6.000000000000001E27
2.5563424110125628E8 1.784857668230218E8 -882.3513541446872 544.6073991721601 1.0E25
3.4799982869823784E8 1.861767251035615E8 -694.6744550883814 614.2463025555819 6.000000000000001E27
1.329491652674309E8 1.8608589779980817E8 329.75718162406133 16.758940097139543 1.0E28
3.2716551515452665E8 4.4223297796348E7 -319.3489477572755 279.73272687893905 6.000000000000001E27
3.700188502951584E8 2.1522493423544297E8 -609.8674741151922 473.9061303152059 3.0000000000000003E26
3.503040440979509E8 1.5182541804224584E7 -517.0841224678029 882.5060824259717 6.000000000000001E27
2.7159739892962736E8 2.784464224625597E8 -958.2218002512564 -834.9890680226101 1.0E28
3.3376876691352755E8 1.1494649231655097E8 -208.824846481421 614.2386608287716 3.0000000000000003E26
3.6123841172441185E8 2.5981498242907497E8 476.6155477899506 768.895697636319 1.0E28
3.9766197728281385E8 2247613.091300007 -549.673868188679 -155.86711678217773 6.000000000000001E27
1.9209989186702076E8 1.0166052017933428E8 -961.4271112139019 684.1920746211447 3.0000000000000003E26
3.334906605408949E8 2.720015692835931E8 -835.0395937689133 690.1022344311277 6.000000000000001E27
3.9726562736907536E8 2.0136054899972808E8 -445.6522522084457 -593.2936826433399 6.000000000000001E27
2.5327189245904163E8 2.489318775330853E8 822.4585372528097 849.0842085701795 6.000000000000001E27
1.2676943193721041E8 2.283943041522582E8 -236.1048661286037 344.07907001114654 6.000000000000001E27
3.6530806255400866E8 8.64788238120592E7 -0.5808497362838807 -390.4946810335101 1.0E28
4.265508060561209E8 9.889888118863802E7 -569.7083151711006 593.4899354861307 1.0E28
3.301856703068707E8 1.971083068954972E8 804.3955336003994 588.5907485727853 6.000000000000001E27
3.06805926104557E8 1.8206316103774586E8 604.0132844261668 615.9737716016609 6.000000000000001E27
1.482853380412858E8 2.0407864242678502E8 290.2047108698232 507.35560775330896 6.000000000000001E27
4.0539961127792144E8 1.8751539561117506E8 -462.45762096757153 102.89676914695883 6.000000000000001E27
2.4924171716599894E8 1.5968420802983224E8 245.4816922369548 830.1324850474668 1.0E25
1.5361884993191373E8 1.699394175807365E8 117.21799792089632 164.31557373721967 6.000000000000001E27
3.3834285925569683E8 1.5969803497846755E8 -874.3420463835521 189.9643217075793 3.0000000000000003E26
4.019785966199022E8 6.694561051967246E7 765.6492639013059 390.8724870718297 6.000000000000001E27
1.2771000419198711E8 2.167792367976711E8 86.1923095654206 -535.3841352978927 1.0E25
2.746954995235347E8 1.5682242515717137E8 -598.4486225127312 -793.5588128290029 3.0000000000000003E26
1.919162759708884E8 2.870781565024407E8 -306.494400609241 863.5058638451371 3.0000000000000003E26
1.3473847061355808E8 1.1044775906892852E8 513.421567571422 -393.1688495792429 1.0E28
5.2575100605405785E7 1.0059265143298577E8 152.05057406797368 -441.874025569737 1.0E25
3.819517770275858E7 572138.2520241354 -610.1386358185382 -897.7929677417667 3.0000000000000003E26
4.210921550099195E8 1.2617474372774842E8 255.96620115495602 -359.74166217326115 3.0000000000000003E26
2.100832127529579E7 1.304379461754199E8 972.055300639254 -958.2711613899345 1.0E25
1.7402757102647877E8 2.4440084737419033E8 -710.4583330698988 624.2143268891455 6.000000000000001E27
7.087143501564461E7 1.6679690131902415E8 400.8404678928953 -850.1697481016295 6.000000000000001E27
1.1354886924639486E8 1.77988752952697E8 -479.22141624788355 358.75699656431743 6.000000000000001E27
1.985815366402934E8 6.907196411465393E7 628.0215835774102 873.1220978102035 3.0000000000000003E26
1.5678680275965127E8 1.7756240945677248E8 -317.24649539372365 -899.8891086081878 3.0000000000000003E26
2.0348184832554752E8 2.323046650823642E8 142.1038907430093 0.5361496264753214 6.000000000000001E27
2.980953745539859E8 8.075005727042235E7 858.6190592441519 -494.53300274964465 3.0000000000000003E26
1.8560573972367856E8 1.718768487787383E7 212.09920858463943 146.9526998611384 6.000000000000001E27
7.940119816432208E7 1.176600775548168E8 856.345840679792 -865.4783382876946 6.000000000000001E27
9.678225907469544E7 2.6391737909267816E8 -471.3952185519221 -631.5709608691814 1.0E25
9.346106360665657E7 2.2890171075691482E8 -368.07967464033663 -507.59753783505295 6.000000000000001E27
3.5893664640478235E8 2.894210436257886E7 -71.77708845352413 -168.45235602903267 3.0000000000000003E26
2.0411157291147265E8 1.3530013422464509E7 325.41911387506957 235.78896840377956 3.0000000000000003E26
4.0755852960865366E8 9.974543098450774E7 178.76726487095334 -240.5778437674378 1.0E25
3.2136239765708256E8 1.729916884093833E8 -503.7561365860886 426.28068660780286 6.000000000000001E27
3.610803659437434E8 7.951115661060171E7 670.4510126098505 -460.83281236149185 3.0000000000000003E26
3.0927667281962854E8 5.468491861824892E7 144.91532503343137 -969.8475323847234 3.0000000000000003E26
1.4178645230051714E8 2.6954401545094275E8 -761.3503437888888 -155.92128609157146 1.0E28
7.911361364475809E7 2.906008289044556E8 -972.908355234526 -391.6915100557892 1.0E28
1.670037225260418E8 6.949117165802085E7 152.3309452858191 997.3697269601137 1.0E25
2.87960072937481E8 1.899707484314232E8 -283.6623878930743 449.6509349715582 6.000000000000001E27
9.921359202171195E7 2.4785408596472263E8 289.21939603585406 758.8237028856818 1.0E28
1.8406031633814466E8 2.1962322919465116E8 -777.6301429872406 472.54651343478713 1.0E25
6.4560847863960356E7 1.9619707629087058E8 -621.7388830171928 734.4924662398039 1.0E28
2.538079861062336E8 1.3231152996787407E8 -904.1740716482625 -952.1452019389452 6.000000000000001E27
2.93492111258943E8 1.6372686170875114E8 -454.5602650312329 151.18876535484014 1.0E25
1.495042740075046E8 1.9771664435472918E8 -463.3618145193683 -545.0059430556707 1.0E25
3.5643376839873725E8 3.2759571767678395E7 -265.88940774399873 571.6712311319434 6.000000000000001E27
2.103414245384988E8 2.74454565763725E8 -213.03279150831486 -238.89221155423922 1.0E28
2.7648329388488036E8 1.4424976305952516E8 245.32744675978506 72.54700166324847 6.000000000000001E27
1.396770900867265E8 2.5493120585156307E7 954.7933491269562 325.0725816946642 1.0E28
2.3099713548200795E8 4.918606642101353E7 102.3640255374014 -481.9594945777809 6.000000000000001E27
2.267218921168473E8 2.708279667893565E8 -469.84327992047974 -506.7065990507178 6.000000000000001E27
5.174299261658484E7 6.761213180963866E7 -769.5555102700873 -23.81357985509942 6.000000000000001E27
4.3737981161777526E8 1.5590245038708457E8 -680.057498694824 956.0692837412532 3.0000000000000003E26
3.854344434315326E8 1.7046036896241015E8 863.4117267509666 414.0659579327066 3.0000000000000003E26
2.4892193272046643E8 2.5756445185444492E8 -65.1445042460814 126.3193461556175 3.0000000000000003E26
5.563441089173322E7 2.677705569939034E8 25.43376495235043 990.5521935666154 3.0000000000000003E26
1.488814194535115E8 1.5060356263622898E8 607.9271393602646 -834.6717818984191 1.0E25
3.514185607013018E8 4.071283838938687E7 -576.7030407263928 -703.6327334570249 6.000000000000001E27
3.655609942604647E8 1.852032832063344E8 981.715196838544 231.53572691133468 3.0000000000000003E26
4.337136796315771E8 1.3928871943287638E8 451.2010967099709 413.0658824969769 3.0000000000000003E26
3.619518172449103E7 2.1352952156035775E8 200.24997380407876 304.54365834938926 1.0E28
4.564886092122734E7 2.0047843624416593E7 -30.727918606911544 827.8880473288548 1.0E28
7177832.749572973 1.599914404894661E8 370.2568484193125 637.1693377574868 1.0E28
3.287354202882382E8 2.541998870224854E8 -255.82036432374866 -87.8990099588234 6.000000000000001E27
4.256388769594975E8 2.7061247375640815E8 268.05142620837205 -384.57393149430254 1.0E25
2.4328400911075145E8 1.1857889709325244E8 576.8962901281732 -590.1373650676152 3.0000000000000003E26
1.5419421530966166E8 2.0863112723259248E7 478.6043043512216 272.5657584664509 1.0E28
2.275921790549013E8 1.8534802831977698E8 487.7925132437781 -672.5425080899586 3.0000000000000003E26
1.917924768144893E8 1.4648780536945316E8 -610.738221734746 964.2661282543572 1.0E25
3.122530101157869E8 2.1476554473362073E8 -541.865796345239 557.7153822931386 1.0E28
1.0440388609015139E7 4.4930083462054186E7 -689.3243609955066 -761.414172460205 3.0000000000000003E26
4.0368273267459446E8 2.3874111671278107E8 263.75082453167647 123.03867265347549 6.000000000000001E27
3.161837854422599E8 4.854349188242486E7 217.1347040679043 590.5230931822116 6.000000000000001E27
3.5302135349519825E8 6.748458779500279E7 -811.0179637642354 -952.1908908753953 3.0000000000000003E26
1.8303866268494004E8 9.79775857792514E7 185.2373295436414 -72.10130607558801 3.0000000000000003E26
2.689691460685522E8 4.8482319898760915E7 838.1915048911053 568.3831738848539 1.0E28
3.460267131098836E8 2.7064474776835567E8 623.0380941350488 -295.49101111706716 3.0000000000000003E26
5.028425115566132E7 1.6616241368703213E8 -920.4363820489202 914.8331247404515 3.0000000000000003E26
1.8340788889498731E8 8.079093986136071E7 179.31666254499623 191.15683621974586 6.000000000000001E27
2.264528514260311E8 2.763094087284976E8 964.8690114453291 522.2530660660511 3.0000000000000003E26
9.053576418137784E7 1.0913554055126657E8 -919.3578514054936 -595.4727707740494 3.0000000000000003E26
3.6393595762209535E8 1.6215589741600227E8 -524.6066774722386 -61.41110520337236 1.0E25
3.379738277949184E8 3.830424530115375E7 -669.3439409125474 -981.8780896391717 3.0000000000000003E26
2.7013218456913702E7 1.2937624140518735E8 405.66819119188904 -664.3827528166713 3.0000000000000003E26
8.921259936012721E7 2.183705402562319E8 270.50404847540653 -757.5435085061199 6.000000000000001E27
3.7357893731542856E8 2.420663992857302E7 -245.39555232763803 -548.0073548704559 3.0000000000000003E26
9.35485519884407E7 7.723747443924849E7 -513.8277986468696 -980.260152282851 6.000000000000001E27
6.3342654628258936E7 1.950198579520271E8 -348.3963320919154 -183.89629735397193 6.000000000000001E27
1.422771118204844E8 1.8924179717292216E8 -110.50004923120491 981.7464361253187 1.0E25
4.259963305547843E8 2.6396777221228972E8 39.38604986718451 -516.7292434040528 6.000000000000001E27
2.442817547588251E8 2.8674203935439146E8 -677.2428089369199 -896.064388106692 3.0000000000000003E26
1.5292595401358613E8 2.9110012852177817E8 -8.787948046319684 463.3199607440158 1.0E25
2.4276054221879402E8 1.8984814150437802E8 427.6015437570088 -380.88932034645563 3.0000000000000003E26
1.9541128835450307E8 1491904.1758941321 -771.3407942165563 -911.4290335435225 6.000000000000001E27
1.9336142381002918E8 6.364355643827704E7 533.2269863770493 -852.4853614769075 3.0000000000000003E26
2.698091895187396E8 2.4016774389051056E8 63.82834240369493 -771.6357146593632 3.0000000000000003E26
1.8164789387091628E8 1.9604697567920762E8 356.1331738532108 542.8665203746127 3.0000000000000003E26
1.2653584108984596E8 2.5296511159774807E8 842.1544106015613 483.556499113108 3.0000000000000003E26
3.6748352316561574E8 2.3338742605886352E8 -526.2166954798661 222.01753013111147 6.000000000000001E27
3.7514848882428634E8 2.0441313613979113E8 -173.3337544911417 943.3617663543323 3.0000000000000003E26
3.9344667670371795E8 8.750890190726651E7 -439.1198116755862 893.875898559776 3.0000000000000003E26
3.0785569895575464E8 2.8645094344610953E8 -609.469934188039 -883.0131959899733 3.0000000000000003E26
3.025146061806032E8 923750.1306318159 634.011276419443 971.6786364286822 1.0E28
3.3732140183078766E8 2.7588983229207855E8 986.8955049423421 -733.0289732738901 3.0000000000000003E26
2.313253228596595E8 2.1046987029265052E8 137.24519146838907 586.3951552028832 3.0000000000000003E26
1.8325570325583315E8 2.498923969339181E7 -536.0120445627726 146.81755145064108 1.0E25
6.749787484770714E7 2.4042673047772017E8 -756.8168795755876 -901.2137105828733 6.000000000000001E27
4.099175962147823E8 1.2221553639368394E8 370.0240637958211 445.5066385012469 1.0E25
6.310845411145646E7 8269068.216912937 -279.9299510701129 267.83330977492324 3.0000000000000003E26
1.938420141561583E8 1.0829815063414936E8 -377.9923781518513 987.9783067211908 1.0E25
1.034719031571906E8 4.782651352901749E7 -12.517775653718218 588.7340824007633 1.0E25
6.64610521747917E7 1.2189463027127932E8 -581.1454739164026 581.620224056222 3.0000000000000003E26
2.6048497903211858E7 2.833175755555963E8 384.7570405513193 -451.5421491511985 1.0E28
4.271877745702206E8 2.1731219952421196E7 -753.6734504787257 -488.29738611451825 6.000000000000001E27
9.464872742407301E7 1.5158816612856385E8 -584.3031625125099 312.88713351778756 3.0000000000000003E26
1.4204221635701287E8 2.5735568319214192E8 -906.9132391832105 143.37204537085836 3.0000000000000003E26
1.703331479744538E8 1.8012492141353577E7 -126.07086909598047 -770.5318188282957 6.000000000000001E27
2.5478477939180866E8 2.1465898929601532E8 -981.8556846650274 303.09782189777525 6.000000000000001E27
3.2951060391242784E8 2.12673171071388E8 885.9645706981182 -104.93390188613978 6.000000000000001E27
6.305330158082235E7 1.2450557850632815E8 775.2866285946664 -543.9922773145239 6.000000000000001E27
1.7683553893025064E8 5.772402399372724E7 -627.9261313050158 -31.416365984945287 3.0000000000000003E26
1.6513137827425444E8 7.940157644146422E7 430.72380560634724 974.5463197964928 6.000000000000001E27
2.83303149539594E8 2.5643254543592224E8 -869.7280832021578 402.97455191122253 6.000000000000001E27
3.173507299220831E8 2.681353014586878E8 479.431849534609 629.8336888003398 3.0000000000000003E26
2.21765308346936E8 1.6689036867818224E8 -603.5913222974036 834.3602867740876 3.0000000000000003E26
8.49032515475554E7 7.230736283194846E7 833.0987904642054 910.5296083302924 6.000000000000001E27
3.3208529618079835E8 7.160197868250243E7 419.6306402161342 303.2608286692839 1.0E25
1.946746473773234E8 2.4722739471577007E8 -373.4188660646096 962.2534042875379 3.0000000000000003E26
1.4957378801423526E8 1.0148210741543968E8 476.59739048646156 530.8662664002777 3.0000000000000003E26
2.986669530505648E7 7.99420091477481E7 -116.51814653562803 77.55943943657962 1.0E28
1.5329238288364327E8 9.932262243161204E7 168.16517321805395 -629.8840657531391 3.0000000000000003E26
2.2330593433625668E8 1.338475101736422E8 978.3909697177999 210.29313843255886 6.000000000000001E27
7.90177249592408E7 1938580.1916653975 247.9294783783089 -280.89988817155984 1.0E25
3.777205223744525E8 1.2022034444275178E8 -986.8112121251254 -455.9144634203561 6.000000000000001E27
2.363481615335174E8 1.964168496973958E8 329.7502497778314 790.3630757785681 3.0000000000000003E26
7.471743912884407E7 1.8422050141655612E8 909.2274821454457 -658.1963052007288 6.000000000000001E27
1.8636811162631717E8 9.859965410290183E7 -675.8483931882624 817.6382992370225 1.0E25
1.047448489927372E8 4.246236701355103E7 -492.5314452957156 208.53172553674267 1.0E28
4.529625332837874E7 6.930704266886605E7 423.3357878878262 570.8905081462813 3.0000000000000003E26
2.638517786018251E7 2.245377676298238E8 -883.5132058609996 -640.0241029778695 3.0000000000000003E26
1.874314031068742E8 1.6365100189261615E8 894.3116044997998 -66.55750646010927 1.0E28
2.039874352682486E8 2.373650895315008E8 -857.4619806843968 -110.01552197283206 1.0E28
4.739420047515546E7 2.008608047187561E8 191.691322408642 -494.9773345892725 3.0000000000000003E26
4.32984478320856E8 1.1394896018958797E8 128.44685583275987 -385.14493531984283 1.0E25
2.247961482813033E8 7.586646499954194E7 -640.2600876224536 136.54434480105783 1.0E28
3.013560749150023E8 3.06998649636375E7 -45.62118423071445 -598.4732492815851 1.0E28
8.393254012741905E7 1.2471615158891629E8 956.9857104394544 477.00761444998034 6.000000000000001E27
3.1832959828337338E7 2.192547063240573E8 -491.4718201079735 -359.82178423854737 3.0000000000000003E26
2.6012787368161656E7 1.4279456993380404E8 -506.3488625906017 222.45876939471486 1.0E28
1.27654520430272E8 1.6623732937362376E8 689.454856372935 -476.22914658487696 1.0E28
1.4840392590086865E8 2.286282593208593E8 578.4010860725286 659.2284141132127 1.0E25
3.5333644094471574E8 8196776.151498883 -509.7622174173899 997.091173862103 6.000000000000001E27
6.232050320978524E7 2.5778098090099216E8 -338.197948190951 267.65057884000703 3.0000000000000003E26
2.1475953228230923E8 3.0288057112680268E7 728.4518380605177 876.8002090441919 3.0000000000000003E26
1.3537570902255934E8 1.4468696162594742E8 -436.1480092030531 262.01885806034284 1.0E28
3.23494132297906E8 1.5320802787829807E8 0.3123322282999652 -138.8691332075441 3.0000000000000003E26
4.109593778059335E8 2.6033149387076756E8 393.1863818105853 833.200240106826 6.000000000000001E27
1.8002788770590343E7 1.0854515005578576E7 -124.5708155564862 -393.5223596719894 6.000000000000001E27
2.0739288506533492E8 5.190575425536424E7 -623.151184261324 944.0791614117163 6.000000000000001E27
9.702822179018784E7 2.2184673270148605E8 -530.339723721753 -865.7226362287508 6.000000000000001E27
2.481539956202778E8 2.493968370602287E8 -733.1119483049476 487.9768697803195 6.000000000000001E27
2.2408645943714243E8 2.362625253930214E7 286.40668775449535 -492.0781789500331 1.0E28
4.787859773150011E7 2.575803033160047E8 249.6074942717455 -288.551915770478 1.0E25
3.629850275866012E8 1.3997160376207718E8 -349.366022955479 774.8970449569058 3.0000000000000003E26
3.254455360169154E8 2.2654611462997124E7 486.94681380862517 463.13325952993773 1.0E28
2.992455041272525E7 1.859591728375451E8 -974.6164279370972 -227.11055561380397 1.0E25
2.6886341131035167E8 8.765083038168555E7 911.6603101952608 173.7913431408349 3.0000000000000003E26
2.813674214787002E8 2.425737032167821E8 -225.06816580094903 697.0042998552713 6.000000000000001E27
1.929261537060883E8 9.672627446343102E7 802.4177825578188 -282.41143644570184 3.0000000000000003E26
3.981230727336611E8 2.6813095645249912E8 233.10643063416092 851.8308698986484 3.0000000000000003E26
1.7634914559543148E7 1.6228051841268975E8 552.4744355702373 419.41346524942605 3.0000000000000003E26
1.1278885009887347E7 1.2506923719079714E8 -206.94997355815372 96.4731272308536 3.0000000000000003E26
3.3522677449099743E8 1.7497067240994453E8 450.72763173817157 443.3591011288281 3.0000000000000003E26
3.76124979551139E7 2.6819091216310456E8 761.5666706085321 -884.4887834172639 1.0E28
3.821906368663646E8 1.2846613434528644E8 58.92477912690242 -597.1082758307625 6.000000000000001E27
2.6193214911206624E8 2.499263677159783E8 188.66072911599213 399.62513721476284 3.0000000000000003E26
2.9209725743726873E8 2.241072429066625E8 722.9438291864656 -857.865575837845 3.0000000000000003E26
8.181366067508468E7 8.158015373537132E7 221.2140932298205 -57.693285610968246 6.000000000000001E27
1.4673034911969277E8 8.451848976332463E7 -898.0930379796334 -242.4341887766601 1.0E25
582540.0014308466 2.1324674134288168E8 902.5993909330998 131.00992360110718 1.0E28
3.815994463809313E8 1.6101910368504888E8 413.6829940704624 -233.6205951562839 6.000000000000001E27
9752386.320430042 1.2214809810057968E8 -113.77579487709886 679.597640680161 1.0E25
1.0515458267544179E8 2.4328464242158964E8 -15.095682966930326 236.29498877700667 6.000000000000001E27
7153311.66230709 1.4285721780917984E8 263.2896898447441 942.178027665911 6.000000000000001E27
3.425787316667715E8 2.820668284257137E8 -77.91434690598135 -833.5325837445328 6.000000000000001E27
2.6393445497158015E8 2.4534497083455823E7 647.8510679325943 -528.9161254576034 6.000000000000001E27
1.43749010877313E8 1.64116439332534E8 339.9479812117745 -419.0822079934352 1.0E25
4.384458356393071E8 1.1365137770824514E8 491.4269439981447 809.822418037498 1.0E25
2.4363615037203196E8 2.360407227941003E8 95.58067869051933 -949.0809120242159 6.000000000000001E27
3.7911562059002876E8 2.3599346987188545E8 290.9355159556494 -606.6506460471749 3.0000000000000003E26
2.1834623020890388E8 8.87414544639485E7 705.126952271969 -438.28479072101163 3.0000000000000003E26
1.1334511807718568E8 2.4115643850466612E8 -653.4249926539661 951.8374621041185 1.0E25
3.836287286560797E8 2.6935174369067144E8 -972.9468425452669 -953.2646190756974 6.000000000000001E27
2.989646950037873E8 1.1306961391590087E7 756.0205233722413 -445.4071581178388 6.000000000000001E27
2.2841487533186388E8 1.7526464104039627E8 -172.38435579730685 161.88760314088768 3.0000000000000003E26
2.6121605499946333E7 1.693020070866553E8 -243.98890105428654 -586.3939943384195 3.0000000000000003E26
4.343930397936046E8 8.91902382674228E7 -49.48864790706136 52.06864095615174 3.0000000000000003E26
2.405061186569196E8 5.133448985697618E7 772.2513545259694 -175.8692875763411 6.000000000000001E27
2.3195754511895964E8 5.040513275912271E7 107.0929861021632 420.61060817131374 6.000000000000001E27
3.8099371847644925E7 2.4392922551197505E8 911.6747406882903 438.18738352408263 3.0000000000000003E26
9119820.02624435 2.6250505734950557E8 -845.5726446987562 52.07797820646397 1.0E25
1.700617663807303E8 1.6354475926958415E8 238.30660155280543 -269.9436260400165 6.000000000000001E27
4.231970078040832E8 7.58817599331017E7 25.42496246851806 318.63165861429115 1.0E28
1.1376208161765832E8 2.949789204610703E8 -787.5561600489983 770.027180084405 3.0000000000000003E26
7.684399388591565E7 1.1417804973403597E8 357.5952572552442 -181.2424424170647 6.000000000000001E27
1.868592825595325E8 2.5040689934218377E8 80.02043119894779 706.3152489872245 6.000000000000001E27
4578960.552035455 1.0725592416923322E7 -395.42410701305914 263.6104109892724 1.0E28
5.978991476090963E7 2.0655380921617624E8 -320.8294911051154 -186.6408971390391 3.0000000000000003E26
2.87615703571814E8 1.9258015503647265E8 -579.3835550436083 -486.18336526680355 1.0E25
8.779271203526196E7 4.602394951118771E7 946.1121268687634 351.42279758640507 3.0000000000000003E26
4.013869543051581E8 1.8004016034660897E8 989.9003123006387 -783.5090694884095 6.000000000000001E27
9.578854220963226E7 2.9947451802364267E7 37.96289063298559 233.60663233287414 1.0E28
3.8390025714981127E8 2.9246405264690757E8 396.97949384367894 -909.6800283528012 1.0E28
3.0379749523678774E8 2.3697948124523717E8 60.54076113264887 -371.8863601761225 1.0E25
1.6364317796115667E8 1.989145012865495E8 -904.7525178600149 295.1234285593571 3.0000000000000003E26
1.7070394891231504E8 2.67265796830437E8 483.09715363315877 -987.1735384843274 1.0E28
1.2646427398399799E8 2.9454910247497857E8 991.1547402862136 -398.2255491154773 6.000000000000001E27
4.1137559127544177E8 2.8660393657564956E8 -189.55428724890567 -948.6345898975497 6.000000000000001E27
3.989635881411061E8 1.1745276595945299E8 882.6839027002566 -180.876105027049 6.000000000000001E27
1.5185574844074996E7 2.580995967498406E7 350.6846982099496 206.56276001845254 3.0000000000000003E26
3.151109684531303E8 1.5672442583154216E7 248.16859525442806 -953.3343951399066 3.0000000000000003E26
3.540655613014289E8 1.7814949928389007E8 249.42329119582132 -199.5096576093489 3.0000000000000003E26
1.1723084258742952E8 6.762131946829046E7 376.1086064710621 151.57762753868838 6.000000000000001E27
3.034178636157509E8 7.268955118993047E7 391.80420770024125 -245.5979379043631 3.0000000000000003E26
3.0300048651526076E8 2.648551628301823E8 -33.236570034082206 -804.8872983874248 1.0E25
1.1423025953601582E8 2.958625734761514E8 562.020559148342 424.32978613077785 1.0E28
2.6236126435909513E8 2.5820514381522548E8 -290.4043225047267 472.6521790033248 6.000000000000001E27
2.0444347994014978E8 3.556284639419331E7 147.23802085315992 -479.9665263008145 3.0000000000000003E26
3.4805365110098886E8 1.758139379999222E8 -246.51831959887147 -992.6842275382551 3.0000000000000003E26
4.2905225560585815E8 1.7550208805330762E8 -242.1964589548876 -667.9761455629379 6.000000000000001E27
9.304254600239035E7 9.563931115006828E7 689.9550444417305 628.4892108963465 1.0E28
1.9532681184071153E8 1.096893187706273E8 27.223558518822074 479.72684740318186 1.0E28
1.286674697238196E8 2.6877106366369575E8 -120.16026538359597 -316.1796955486251 6.000000000000001E27
1.0497844404392785E8 8.45246284368314E7 374.17622872227844 -385.64157830185707 6.000000000000001E27
2.0591470766930386E7 1.7853928179838315E8 206.75078517843144 -413.1088324546424 3.0000000000000003E26
3.1272826660476804E8 8.84170080455236E7 -867.2529207423282 -557.1555668678046 6.000000000000001E27
2.721325519544149E8 4.553664201287191E7 182.1787804956807 178.31828121601302 6.000000000000001E27
1.2165224665737964E7 1.605638081481419E8 806.2892329541262 -94.68394267294559 3.0000000000000003E26
1.0357043977168623E7 2.4141266605771363E8 554.8597367338205 -309.6884753167328 3.0000000000000003E26
4.098108023676063E8 1.2062140686074074E8 580.8677628777577 9.296387497885348 3.0000000000000003E26
1.907750992138167E8 2.0494521811372373E8 -887.2064001660301 64.74370802551516 3.0000000000000003E26
9.578476390423864E7 4.221057466063076E7 5.8855907072651235 941.1740912501571 3.0000000000000003E26
1.6196264958082327E8 6.5964742067392014E7 290.58899995390993 896.4911738663577 6.000000000000001E27
1.7967141912900653E8 6.4464511970024265E7 163.36294302190754 619.7414961116338 1.0E28
7.239536456452242E7 1.9340297372824675E8 738.5496336269307 -943.1988104226673 6.000000000000001E27
1.5841237518834308E8 3.9311918948927E7 764.7791519907587 286.30673993099504 3.0000000000000003E26
6.939977416958877E7 9.458525285435632E7 553.4013755834405 -519.2379702352669 3.0000000000000003E26
3.810630990891307E8 2.1350130127591306E8 -503.36735744856446 454.81652720785837 6.000000000000001E27
3.4859414533374137E8 2.2079131927987224E8 -995.6005379380492 -825.2070062785225 1.0E28
4.2657131854899955E8 1.534235731346576E7 564.8580266946819 -735.2488143807129 6.000000000000001E27
3.497072747307469E8 8.352206995322835E7 -25.577459741509074 -711.4370630633501 1.0E28
2.5121798059615555E8 6.157201967559747E7 -462.706144580859 -276.24450230444916 3.0000000000000003E26
2.2749712826464194E8 2.5626053898963648E8 -151.99225899752707 579.6782072803139 1.0E28
3.0780993182870626E8 2.765286073037985E8 36.04140475338386 567.5977684903285 6.000000000000001E27
7.483111303986152E7 2.2260123831546602E8 239.12003719081667 572.0769548577139 1.0E28
9.845623762413056E7 2.881854566249106E8 289.22895958811455 432.4315602979898 3.0000000000000003E26
1357945.6577755841 2.1815885278222853E8 949.0808104244284 -584.2882519099796 6.000000000000001E27
4.181322940590286E8 2.800949403331486E8 485.50145963428554 214.35710647148403 1.0E28
2.9740508750974107E8 1.873330105398909E8 176.85733846146854 -352.88863413939555 6.000000000000001E27
2.3028698802751118E8 1.727248070796124E8 -156.9682775374098 -894.8829319518974 1.0E25
7.301080223040733E7 1587712.4964654737 -239.01718617267295 -356.23294053402674 6.000000000000001E27
4.208659276948699E8 2.2466955109739846E8 -352.31319024522816 -431.3566885132692 3.0000000000000003E26
3.8314655584301674E8 1.3919950187482768E8 823.4303167637534 171.3931652999113 3.0000000000000003E26
1.8934270137796205E8 2.8195277593543196E8 492.8170540942499 105.11807416261036 1.0E25
2.2128061907057995E8 1.0884619360460475E7 -725.2039802254765 827.5470199232334 3.0000000000000003E26
8540186.858762706 2.720035169116118E8 819.2537790339957 -14.207357262968458 6.000000000000001E27
4.3038268759846216E8 5452640.531531986 -666.8069983811425 -274.6475283591959 3.0000000000000003E26
8.482997413953863E7 1.4212214532546896E8 -385.7740684477159 -759.1100805315145 1.0E25
8.412136278725685E7 5.019485537712886E7 -478.845788933496 64.33262450408392 6.000000000000001E27
1.7538507279397056E8 1.6027539507657218E8 897.9243216989139 299.4111359856561 1.0E28
3.8256939753056955E8 2.3613717316027185E8 -187.02774552517383 -491.794253135532 6.000000000000001E27
1.4576682622205296E8 2.5972661987951836E8 195.1688113874111 102.28702060846422 1.0E28
3.634891794206711E8 9.375480967324777E7 -826.056955965991 854.7058919086699 3.0000000000000003E26
1.3508125906432E7 1.8421925830745113E8 -551.4532848575782 -166.68726566596808 3.0000000000000003E26
7.008266040753734E7 2.3611500207749128E8 217.65733614015835 490.73667654481983 6.000000000000001E27
1.1140976196502332E8 3.435227489175284E7 497.4020383733323 261.2401767896197 3.0000000000000003E26
3.017555495998869E8 1.8372620979826993E8 -174.6811305920262 608.8164238186 3.0000000000000003E26
3.721996541985473E8 4.04176249306787E7 -89.7642729955918 912.8702078829817 6.000000000000001E27
2.763631900314946E8 2.9286755471864E8 250.13082465802472 139.6010922402752 3.0000000000000003E26
3.1364746536663884E8 4.020579646367664E7 149.43118390014843 852.387141701734 1.0E28
4.889239620129755E7 9.62877332572368E7 -493.5489570534241 -343.7640511046636 3.0000000000000003E26
8198040.166601299 2.5998067367439848E8 -686.587190435818 947.4576955058383 3.0000000000000003E26
2.9749051392094636E8 2.891848579464538E8 -95.91901098883852 -58.74597779022929 1.0E28
4.0924724240450203E8 1.6485558466351542E8 -824.5240637335367 -651.990101262531 3.0000000000000003E26
9.130697833616593E7 4.369311899216428E7 -176.06362964581388 181.2644664938764 6.000000000000001E27
2.8370422790326E8 2.0217667186920702E8 436.85560430322926 -953.5891810847958 3.0000000000000003E26
8.351248137300202E7 2.7744046143967897E8 -261.7957681561767 -605.2852509289207 1.0E28
7.625769665339541E7 1.9526195060047662E8 934.3152623646461 -630.9469341757529 1.0E25
2.4001280013611364E8 6.108124953505476E7 733.977022813941 -682.2842294562313 3.0000000000000003E26
3.0801793841434706E7 7.917691167287712E7 267.49756700113585 -127.22427777387031 6.000000000000001E27
1.459560361535434E8 2.8918326097722983E8 260.3668422530627 854.3440646239524 6.000000000000001E27
2.304963529431131E8 9.39490780079027E7 -244.23822346771237 -712.9875610974245 6.000000000000001E27
1.0141349190881072E8 2.9448980830053675E8 394.1437670297298 769.7148333504049 3.0000000000000003E26
3.036883799506991E8 1.2577267885082862E8 784.6937425874071 -28.948078205400293 1.0E28
7.631887630979943E7 4.9515735016865E7 894.4513540407877 -322.38747857950034 6.000000000000001E27
2.8844461648679477E8 1.177061759604188E8 -858.7146251463976 -977.9095864540495 3.0000000000000003E26
3.4338134360294145E8 2.8807983010052425E8 792.8752515691992 -185.10731428615918 3.0000000000000003E26
7992260.999261619 2.1288276907608974E8 651.9889100469338 -877.833288688185 6.000000000000001E27
1.498961468443342E8 2.396198554108797E8 909.8609792267732 -538.514067560421 6.000000000000001E27
4.428298740970168E8 1.1283549026477519E8 871.9231666492738 -22.781595443173728 6.000000000000001E27
3.0903243910006773E8 2.874810461858123E7 930.7843496854762 -737.4431605630311 6.000000000000001E27
3.0795883774139535E8 4.032819188885715E7 -806.913408412849 -522.9584760129658 3.0000000000000003E26
3.3649884985523087E8 2.7461690524232155E8 -583.0005741957982 870.5450814347698 3.0000000000000003E26
3.9878346988868314E8 1.74996924221559E8 -943.9275385997446 348.34133271475 6.000000000000001E27
3.506988711915425E8 303045.7363347817 184.35763301258703 -923.046038956337 6.000000000000001E27
2.2143660162856653E8 1.0939230837082675E8 -806.275184662554 168.32808165406072 6.000000000000001E27
3.483356319071536E8 1.7482157770984593E8 -938.5207809668543 502.29209633516257 1.0E25
4.018842345124723E7 1.3966766471393764E8 205.06715104487057 -827.2508678247849 3.0000000000000003E26
1.1566343535169213E8 1.799669374759541E8 -810.2583530534564 -280.3761403676607 1.0E28
2.03110157114563E8 1.6082816718399143E8 523.5145349227591 880.2056406479228 3.0000000000000003E26
3.249439866122625E8 1.2447281298309238E8 404.3415121331607 -447.7255211856633 1.0E28
3.107411672172808E8 2.39850987635935E8 830.5856517056961 -571.7764380499522 3.0000000000000003E26
2.982229849607551E8 1.92788885448319E8 79.01278567035138 999.0686163920939 3.0000000000000003E26
3.985526246564721E7 6.185767716343745E7 327.49168490207876 465.53308691265715 6.000000000000001E27
3.426253948352752E8 1.6724226490236092E8 -878.8040070631357 663.6799705539102 6.000000000000001E27
3.5418610826642424E8 1.941221554068852E8 -341.0704369039978 -751.6534876358313 3.0000000000000003E26
3.648598643551326E8 2.844234115781913E8 219.62288646556408 222.53077757448432 3.0000000000000003E26
3.8658567194999564E8 1.1516441916895582E8 -374.8285734295483 96.15122531641327 3.0000000000000003E26
3.576195425778935E8 1.4082573942577347E8 122.9049997800089 -744.0778355634234 6.000000000000001E27
3.011784361875501E8 2.8327445288830584E8 604.0465766368977 863.4852355505166 6.000000000000001E27
7.268868510741569E7 1.1584601042225945E8 -278.39788464213734 -228.41346890933846 1.0E25
2.3045063409334588E8 8.50170702567058E7 555.2746139990479 662.7220866783653 1.0E25
2.5346031381540745E8 2.0277236057035636E7 -484.75006859251505 850.4461007272212 1.0E28
1.451236412114849E8 1.806693180877094E8 920.8516551285513 -712.2633658765099 6.000000000000001E27
1.6995856830732447E8 2.813809914208918E8 937.5847460807843 882.5185447406036 6.000000000000001E27
3.95234467162638E8 1.0106006472126752E7 -800.9763868979255 -833.8217040972042 6.000000000000001E27
3.421177935026057E8 6.531454376372285E7 852.9211485060187 508.53764553258316 6.000000000000001E27
4.038605698073129E8 2.0517772276442492E8 550.920296342465 917.4692885816748 6.000000000000001E27
4.33747428579551E7 6669011.964594464 -78.19962628541498 -651.9689344137637 1.0E28
9.029348955845943E7 1.4697743365944174E8 -78.0284715751011 682.6372505547406 1.0E25
2.0337696763199914E8 3.0671581356918205E7 617.1727420871364 287.31671655432274 3.0000000000000003E26
3.224947524456153E8 4.086503152977913E7 -369.00327086454763 270.05544071393547 3.0000000000000003E26
1.6833456020652056E8 1.698285565487591E8 -636.1566000224075 123.81706308904063 1.0E25
3.3590488209353137E8 2.188556900814871E8 542.7446588331595 -826.4928339383407 6.000000000000001E27
1.052256914076448E8 1.6081742883566883E8 -993.4234136881533 -135.66292400763894 3.0000000000000003E26
3.33208036703257E8 2.9591374734904027E8 -653.0325200544916 826.9300474965789 1.0E25
7980010.503540032 2.604413185572425E8 -73.70078480229745 -562.2273184256671 3.0000000000000003E26
2.5213510043797994E8 5.976280249946544E7 -771.1672750758919 -176.5189420918946 6.000000000000001E27
5.0988080491103925E7 1.344419538376418E8 209.49552387270978 -84.70105825790404 6.000000000000001E27
3.658079599177067E8 2.2494325477243012E8 875.0061834905623 -344.7456712374948 1.0E28
4.369690627218656E8 1.8239171616866288E8 68.16322500520437 833.2882972316704 1.0E28
5.0893845928465195E7 6978757.108460216 11.662802721042567 -49.82413455759843 6.000000000000001E27
4.336611069902805E8 1.1904093719752294E8 -843.8234024415763 -342.6892944168577 3.0000000000000003E26
2.4782809250282902E8 2.439341079060636E8 11.491794109200555 849.1946288772092 6.000000000000001E27
2.563081242596171E8 3.458113130743221E7 -544.5587105168515 -150.9804382012794 3.0000000000000003E26
4.1060126156376046E8 7.04526712396154E7 77.6378919450317 547.328993268615 3.0000000000000003E26
3.2752059302386904E8 1.5245579304463428E8 -617.2606195974481 -933.0928900068943 3.0000000000000003E26
9.821706639129162E7 1.3889351169360065E8 -744.9557803421994 145.15359989696344 3.0000000000000003E26
3.1496735408471674E7 6.688924704830889E7 -124.63396239629776 490.8614699773693 1.0E25
3.901666371652104E8 2.1970174686223787E8 542.6076471280285 491.71358444106727 1.0E28
7.16809069137052E7 8.357398341098718E7 -836.1986885875255 713.6489533601907 3.0000000000000003E26
1.0467195512234686E8 6981920.453541913 619.6065247922834 71.2130571901098 6.000000000000001E27
2.4479297027738288E8 1.298623784678983E8 196.30306899290827 -454.48745121359 6.000000000000001E27
3.853528256546687E8 1.2603028114595817E7 -648.6280194627793 127.27738098579835 6.000000000000001E27
1.1801848125013208E8 7.76553540824339E7 295.0447313285613 -110.41195247171584 6.000000000000001E27
1.8669622946693414E8 2.895417284462326E8 -772.0696885951977 -74.4383183520448 1.0E28
3.459435605982923E8 2.841824403291328E8 345.6544371264961 -134.97848257665146 3.0000000000000003E26
4.3503773175123304E8 2.309563256964941E8 111.29318175986123 493.4451822639778 1.0E25
4.303837244912393E8 1.0328556633073542E8 49.68468421345483 739.1856864994659 6.000000000000001E27
3.4124231416151005E8 1.7997814216141295E7 -154.90470199356616 -479.21124394732465 6.000000000000001E27
2.372436052894279E8 2.6553229228582707E8 -455.10570894730574 -735.9394026880738 3.0000000000000003E26
1.9431604200804445E8 2.798664229134426E8 221.91163029360087 802.0562974164925 6.000000000000001E27
1.5142745165854877E8 1.1941477634582557E7 -295.4546344903723 503.41990497567394 3.0000000000000003E26
1.7232689374291566E8 1.1579370136541931E7 -25.191304585708735 160.62839925300545 1.0E28
4.1713117093661565E8 1.2636588179894824E7 92.2918260178003 -609.6365531983836 1.0E25
1.426198230478419E8 1.4940515119028774E8 -546.3766996608595 -75.96756990367965 3.0000000000000003E26
1.764904931900258E8 2.9180811317563586E7 783.2973683023936 -392.19154506220036 6.000000000000001E27
8.531538256392537E7 4.699219999551735E7 -180.809627174541 623.0336366715594 1.0E28
2.9671227273816806E8 1.8034786223991174E8 -125.1079792193816 -951.196074183456 3.0000000000000003E26
2.3991713244286418E8 2.6141163225989047E8 305.9841307746706 -378.41201703131935 1.0E28
4.147755250067784E8 2.6759845649886075E7 677.3423047242895 357.9085331550734 1.0E28
3.7100952721050516E7 1.992124985953607E8 -498.4456120674046 43.349812970575385 3.0000000000000003E26
3.3338232734565526E8 2.440694661195427E8 458.93251879937816 819.9734604894329 6.000000000000001E27
2.610998304393966E8 1.0989238291826126E8 -82.94304199492399 48.60787712765932 3.0000000000000003E26
9.883059892122193E7 1.657594117229839E8 649.8634055905568 -716.4654539695391 3.0000000000000003E26
2.8374307382739633E8 2.5831177552613813E8 -714.6567615851632 -459.15992162084046 3.0000000000000003E26
4.3248387099348384E8 1.5287967933049774E8 -860.9226815330612 548.8411062575292 3.0000000000000003E26
1.6255929872443792E8 1.7163614986824226E7 49.41054884966479 -373.2779226057629 3.0000000000000003E26
3.34040807879839E8 2.9543521373058605E8 -593.3163737054808 -226.5444463276135 1.0E25
3.431694640357983E8 1.1425928605858965E8 -794.1357136558795 180.89294721959664 6.000000000000001E27
2.066260675988545E8 2.0123011652759367E8 607.6443464953336 261.14870002435305 3.0000000000000003E26
3.417440219159637E8 9.724290844942363E7 788.9195887042506 -181.39413558817694 3.0000000000000003E26
1.9869077253423685E8 1.018011473098087E8 360.79140649081546 601.7023266312599 1.0E25
1.928981225578423E8 8.43999468922073E7 514.811301099496 426.9127291768277 6.000000000000001E27
5.472838760137788E7 1.605821272495732E8 -925.6077058601529 437.60732229418977 6.000000000000001E27
3.4541156079067665E8 9.243366925964026E7 956.3944811119657 548.1268346886914 3.0000000000000003E26
3.6682840205787545E8 1.432289629468698E8 530.7047621512256 140.822580558548 6.000000000000001E27
8.054257764459492E7 2.09471815395277E8 641.7332624413878 -388.8417908668374 6.000000000000001E27
7874705.217635794 2.458850083174703E8 547.4173918548565 -817.2818732653943 6.000000000000001E27
2.1686300433058342E8 2.711902383966603E8 -48.702560928669186 36.14703601815654 1.0E28
3.1559818038159984E8 2.77880847910579E7 -426.7492666556559 -365.52315893896025 1.0E28
1.629715507741675E8 8.354672235816227E7 -25.364383355991777 -849.3464319735184 3.0000000000000003E26
3.1918904501552385E8 2.272668455778606E8 -184.71403500502083 -206.8597413085589 3.0000000000000003E26
4.138580754700141E8 6.974576659100428E7 -237.63132755415643 -326.93198666622516 3.0000000000000003E26
4.1677907087749183E8 6.331880840814912E7 892.8354376270888 -242.33430081430708 1.0E25
3.3509002160994476E8 1.8691682955229703E8 704.7641488347933 232.74753986128894 6.000000000000001E27
3.5783975323388356E8 2.47585716047411E8 -851.298723104584 511.9749481354745 3.0000000000000003E26
2.2899430629926062E8 5.914250109924E7 212.90157210779444 214.58145330630714 6.000000000000001E27
1.971183436266513E8 4.080833050300027E7 977.8730957724576 858.6191174759981 1.0E28
2.6681418575595352E8 1.8263568992286322E8 -793.6670973042051 -492.05736448060907 3.0000000000000003E26
2.007973649926458E8 1.4243540677020076E8 194.76632604085262 805.1199433313427 3.0000000000000003E26
2.6505770291166186E8 8.181541288736711E7 -858.3394124409587 45.55511952073607 6.000000000000001E27
3.4197889354387724E8 1.6446123693071967E8 129.72870581108646 770.9644352897838 6.000000000000001E27
2.801794356904756E8 2.3402573825006554E8 -42.489442819490364 946.2561408925596 3.0000000000000003E26
4.275123304593879E7 2.1793136053775308E8 676.2640274841701 -582.016491167391 6.000000000000001E27
3.988925714758359E7 2.7774438375450045E8 180.03815247648072 -456.45424673481284 6.000000000000001E27
3.5107954372246635E8 1.1608361340905128E8 -370.68993780749986 875.2183149325012 1.0E25
3.918815298342635E8 2.1241426980369708E8 909.3768610340751 483.6077704078391 1.0E25
2.9499878114665306E8 6.60651885857469E7 -475.67299504322375 655.3202706787138 6.000000000000001E27
4.088459434333614E8 1.1124777839336038E8 68.98925102684211 -322.9142392135768 6.000000000000001E27
4.051759203334046E8 1.3457852960872155E8 -979.6828762779692 -784.0806945613494 6.000000000000001E27
3.094878858469428E7 1.3337535896447827E8 -666.1972150016509 286.55601234780966 1.0E28
3.2030662908805305E8 2.472503482871474E7 -105.58394649161517 866.7717252999182 1.0E28
3.91218450096571E8 1.8568066178361127E8 -996.4278907246262 -126.36026027121682 3.0000000000000003E26
2.536818386940953E8 2.4213108223256418E8 662.126969396141 878.835850891915 3.0000000000000003E26
4.3262986805408984E8 1.3246054338000089E8 -298.70743414497304 -416.87366051684796 6.000000000000001E27
8.828750249746807E7 5.429827792585573E7 -857.3337757166328 913.8577387246175 6.000000000000001E27
2.850300662597428E8 2.6486856493666553E8 -575.4455126567364 -87.03133357096169 1.0E25
6.767426581050082E7 2.542824482539545E8 -996.6483100337041 606.6422562432147 3.0000000000000003E26
1.8893691229822478E8 1.926441952691359E8 940.7543050680829 838.4889221099952 6.000000000000001E27
3.964861918517023E7 1.0663508401817794E8 256.39124168659737 581.6705981578791 3.0000000000000003E26
3.319318758975376E8 9.294288588107044E7 860.520207253719 -859.4216898855185 6.000000000000001E27
3.492949576769344E8 2.9057279973043036E8 -910.7364889766579 626.2608052929256 3.0000000000000003E26
2.180274103286924E8 8.113360329288353E7 -485.0615437565581 -221.1483719311857 3.0000000000000003E26
2.5885089017379427E8 1.6763353323283583E8 523.8663972610807 -680.6247377027769 6.000000000000001E27
4.249662349702667E8 2.5239537235366872E8 940.2310105684144 -365.04444871914654 6.000000000000001E27
2.883619993891181E8 1.082267701435454E8 778.5295284408166 85.7144262061936 1.0E25
4.266511300822741E8 2.2860862605753545E7 -808.1000270950409 -766.8629721503017 6.000000000000001E27
2.837025217321254E8 1.5076659066653338E8 249.4291017014998 474.8135047343767 3.0000000000000003E26
2.680840274707345E8 9.694978843123747E7 -468.3389457485182 130.4236745789733 1.0E25
2.0451353491424388E8 1.5364627021811914E8 -191.95814082688912 -881.1740654468844 6.000000000000001E27
2.494116619053758E8 1.637849791274291E8 138.29967416762884 119.80701265556058 3.0000000000000003E26
4.029629160290307E8 2.3311453638298765E8 -765.5481727561878 -722.9533307676134 6.000000000000001E27
2.5207053840710506E8 2.2132011988424164E8 108.12830144941654 451.66260261045227 1.0E25
4.160929900215815E8 4527599.694644447 406.0648802930889 572.4351651632892 6.000000000000001E27
1.5716210800473772E7 1.4743247862238312E8 978.6636101337326 -5.410946209084159 3.0000000000000003E26
1.1988928828307542E8 1.698582048483751E8 -591.1496053761068 180.5555991433439 6.000000000000001E27
2.5673391158564325E7 9.451586443234414E7 -101.70181991877485 17.25360640659585 3.0000000000000003E26
3.604029113192252E8 1.6444786691687837E8 516.4522574289585 -274.01684029033675 1.0E25
2221832.8204299253 2.6252420240544322E8 -150.1322521471203 528.841163801877 1.0E28
4.2364072405315536E8 1.8208292637334463E8 515.4927327470004 944.0393997381107 6.000000000000001E27
2.7028771119949526E8 1.4166733210336873E8 124.52849819827543 552.0119603500227 6.000000000000001E27
3.775230948275132E8 1.2207640714899547E8 -189.6903878950876 920.3363728683989 6.000000000000001E27
2.1030027865105334E8 2.4997755597088704E8 144.10525032044325 52.86999108349687 3.0000000000000003E26
1.7291304241750383E8 2.0147892100026575E8 52.16906728038589 774.326395006085 3.0000000000000003E26
2.876747575299652E8 7.64084393758875E7 -251.9369257961339 567.3711124427755 1.0E25
2.3878089451626856E7 1.1287052891950391E8 672.1972820955268 -13.411825171152827 3.0000000000000003E26
4.074818673131303E8 2.2483453268113565E8 -366.57007004735317 -163.31318002791613 3.0000000000000003E26
1.880932361504988E8 1.8299598241033882E8 806.6738276365336 240.82204311126452 1.0E28
2.135437424259404E8 4.0504986263674825E7 499.9638196588078 -625.326521072185 1.0E28
3.567498883577579E8 1.7589254043693334E8 -882.2214676965758 537.2871193438757 6.000000000000001E27
8.654775021497515E7 7.949414496125084E7 -61.353475764659834 -815.5478210542466 1.0E25
2.5977998488617387E8 2.538235864243387E8 -724.965931650095 -710.8237696066842 1.0E25
3.634518517987635E8 8.124845035640663E7 -292.6049527908035 -556.0889610182278 1.0E25
1.367810829416252E8 2.7640860994866395E8 176.7243673689543 797.0931739376258 1.0E25
3.9616386565948075E8 2.703134807998295E8 952.8430265419238 585.2162166046223 1.0E25
1.4983173323919383E8 1.5882271421577775E8 -31.005229998461118 637.4528768130531 3.0000000000000003E26
3.538256169411236E8 2.0395251179975045E8 415.9454342780896 -235.76254633078463 6.000000000000001E27
2.5451278613929518E7 9.656709817580888E7 728.6845471630265 -544.7382106067006 6.000000000000001E27
1.5538978481501162E8 2.2502888542967525E8 -273.7761097485253 187.51604821152273 6.000000000000001E27
4.384608399370671E7 1.2462261805057396E8 233.54358686119622 -880.9712481909668 1.0E28
4.301028744643536E8 1.4755033296114257E8 -326.91580718949933 -492.55095339747646 3.0000000000000003E26
1.9596110231429014E8 2.6268704432779908E8 -57.772313018529644 230.59670217741336 3.0000000000000003E26
1.0620326718902297E8 4.875436110706034E7 -437.8841544939361 648.9362621500052 3.0000000000000003E26
4.23106392024447E8 1.286093375818435E8 -482.4785907782415 -914.2631685717198 1.0E28
4.2204969747459507E8 2.4242150417004856E8 -561.3947808540129 781.5987043025211 1.0E28
3.795347620081015E8 2.2176717136078432E8 -451.160262231582 -676.4033605707714 3.0000000000000003E26
2.5206963747740144E8 4.601583666443188E7 640.0687677070723 -919.1220474723955 1.0E28
2.509642084645121E8 2.737464169772382E8 273.2244697222907 -71.59864702776508 3.0000000000000003E26
9.579761707919471E7 8.467484431971516E7 585.015074943396 -455.03148595708024 3.0000000000000003E26
3.5755476512509155E8 1.189305631998666E8 -991.6501034408586 -300.5493726880653 6.000000000000001E27
4.1366992276603746E8 1.8500916360003233E8 314.8743109828704 199.5165304773443 1.0E25
3.406612804911517E8 2.2269777578045684E8 646.3544745556123 -78.11293859139323 1.0E25
1.4975156305044472E7 1.3299935019893172E8 688.262248049667 822.7826538517372 3.0000000000000003E26
2.67833305477577E8 1.6379698371303326E8 275.52779143252087 -694.6911122576778 1.0E28
3.585781083651368E7 1.8287393270586583E8 -569.9362721310848 98.25380075345856 3.0000000000000003E26
3.28608034646745E8 2.678911842621529E8 -78.27952401758193 -845.8952032987527 6.000000000000001E27
3.1653005390235025E8 1.415206821018581E8 896.9965677367186 324.29052162580524 1.0E28
7.990571867250298E7 2.4526087154086283E8 -632.9364963069913 698.8721500484055 1.0E25
8.495219856231892E7 1.55658842341662E8 476.0334468997387 -935.1073301035337 6.000000000000001E27
1.9336137003253955E8 1.831205129158529E8 335.73515603952114 -879.9217378556559 3.0000000000000003E26
3.9716660506134555E7 2.1063162971907333E8 74.67585493684874 -783.8066960399696 3.0000000000000003E26
1.987673802629129E8 3.1399730682736848E7 -817.2976353252591 -653.197652364622 3.0000000000000003E26
3.494598973590913E8 2.7375584325202066E8 213.3738747933985 794.2756328285811 6.000000000000001E27
6.420285549106223E7 2.7010437050681865E8 -699.0183074602692 -296.81582093765564 1.0E25
2.94719126335924E8 1.7363686498043454E8 -408.68412492422544 400.82302539432953 6.000000000000001E27
1.8417985196571285E8 2.7485963042027986E8 168.96336784115033 853.7615790957409 1.0E25
3.7940298248140246E8 3.3084666245916564E7 -516.7492918187029 14.23834287566001 1.0E28
3.122854451559897E8 1.077205429039692E7 322.95444443025394 -281.9719824790377 6.000000000000001E27
4.257080193336801E8 1.1388471313569124E8 -319.50326060807936 960.0145342928222 6.000000000000001E27
4.1311668405883205E8 6.166775925764662E7 284.6181665810152 -196.96617119535676 6.000000000000001E27
2.5242036856927967E8 4.206792965356715E7 376.8031813646253 -974.5701622342632 3.0000000000000003E26
3.7866332734783804E8 1.684568491380915E8 988.4982477154488 960.1124789811281 6.000000000000001E27
1.5871968554072827E8 1.5649153962842366E7 91.40241071885248 581.2337618278136 3.0000000000000003E26
2.5199270176496333E8 1.1816110692921439E8 -534.0501263437461 489.673893675013 3.0000000000000003E26
4366182.396860628 8.99727990655691E7 -347.51530116149047 16.849056281308776 3.0000000000000003E26
2.9996713871693814E8 2.38825080977538E8 240.48450437773045 -204.50669638886075 6.000000000000001E27
8.281803427251965E7 2.1208045305906925E7 -82.82190543791842 -223.7559240031361 1.0E25
2.6817680118021312E8 1.2015294872594315E8 324.74926518253574 892.9650163963502 6.000000000000001E27
1.6744223747827825E8 1.5289320805456582E8 -666.925936135299 105.8345581656531 1.0E28
3.9495721303760755E8 1.8855253368491372E8 875.8718240109295 690.9991652462722 6.000000000000001E27
3.867991860460482E8 2.8774993942143935E8 -68.26116410449788 466.40342621335367 3.0000000000000003E26
2.337370375460248E8 2.2598362926201078E8 156.03369900151506 -535.3562678350172 3.0000000000000003E26
2.2519211059429318E8 2.7606552291196033E7 802.7334427467588 -1.2698229346345897 3.0000000000000003E26
2.223926380368098E8 1.4877300613496932E8 0.0 0.0 5.0E30