50
1.8792465959028083E8 4.158679058876435E7 -562.5332339400793 294.9950348754355 1.0E25
1.3814920204217276E8 2.1245908528404582E8 -393.897626458888 161.6104725357634 1.0E28
1.866531572340069E8 1.800994409575385E7 -215.76618074618773 182.23028245266505 1.0E28
7.468088522282861E7 1.6446991006311527E8 590.7554497813185 -945.9669350638572 3.0000000000000003E26
3.369391050509072E8 1.3458134291734427E8 -977.7193751046088 -569.4732908822164 1.0E28
4.000207959207464E8 1.1189082926152939E8 -478.0999049282166 533.8808213475797 3.0000000000000003E26
9.663310845396532E7 2.001086266981689E8 -426.3272583213294 -252.49306999694795 6.000000000000001E27
1.872548839135216E8 1.5642209095958576E8 510.1541357335693 -728.1525552652264 3.0000000000000003E26
3.0602532525137657E8 1.53248252332076E7 -485.60475523182595 207.29588293428765 1.0E25
4.3425177512211406E8 1.530897492540398E8 -335.93577517147094 -112.48084272852066 3.0000000000000003E26
7.333518810832159E7 8.394460832912725E7 -708.2101626798892 701.3258973853058 1.0E25
2.0463984812694263E8 6.936327978437817E7 -239.18543161742184 200.48062665571456 3.0000000000000003E26
3.047571303961479E8 1.744839362080698E8 955.0226661526501 -174.77120559098034 6.000000000000001E27
3.5032361132404786E8 4.694452700886452E7 413.0807779109077 -283.61180831123636 1.0E28
7.805163786592732E7 1.784575845200096E7 702.7029282211693 246.51939920934228 3.0000000000000003E26
1.125278198318225E8 2.5436437882638675E8 -300.08698151849785 725.3629354343759 1.0E28
1.1780160331549506E8 2.1917084477714587E7 -583.6331361464843 -422.90697237339793 1.0E28
1.1517244134973009E8 1.5164238198462778E8 582.0508094368222 980.6444696640117 6.000000000000001E27
3.172575631164507E8 2.6269156369413E7 -36.39615515040339 880.7788179529589 1.0E25
1.9741864843974076E7 1.7584822557340047E8 296.5890885992176 -661.380290508333 1.0E25
2.852542211334253E7 2.5970640829949468E8 708.8925026163297 871.09373926648 1.0E28
4.380191541126169E8 1.0482861819913344E8 -58.310844196516996 -527.4346664953449 1.0E25
3.707988599154782E8 1.8436870450221306E8 962.4238957399548 936.5211397050673 6.000000000000001E27
3.341757515583898E8 2.631526345330645E8 -729.3910429513921 399.3592298269209 6.000000000000001E27
3.643325362244294E8 2.0166375829488523E7 219.6743384725105 -568.7821186785106 1.0E25
3.6584491320001984E8 1.569417132034059E8 -859.6791198761497 -632.4142454691762 3.0000000000000003E26
1.7230056474626446E8 1.8361751759946048E8 792.0291946682419 -181.5321221901504 6.000000000000001E27
3.123094260048898E8 5006217.466694965 -924.2157686112153 -861.8841550614123 1.0E28
4.2921057769287807E8 1.1981732112297529E8 859.3094352708183 -388.07699281351415 1.0E28
1.8068205518458392E7 9.832880072194563E7 -790.5103952144225 -105.96019841050384 1.0E28
1.3419811769091533E8 1.2332546746954848E8 692.4819470629775 -408.02600448307123 6.000000000000001E27
4.3817109994530344E8 2.2270712361334547E8 -341.5617325418433 180.5993535011487 1.0E28
3.008488515613139E8 7.186851864406727E7 682.6931122324481 -854.7021701733232 6.000000000000001E27
3.5058943850395924E8 8.29881348972599E7 -244.45650085206728 371.247968742749 1.0E25
2.900893094136504E8 4.436904716915365E7 -734.9798398307043 -930.1528617727031 3.0000000000000003E26
3.541776727980636E8 6.505040530356753E7 962.6309810404748 195.59374385849537 6.000000000000001E27
4668926.573282068 1.2552387863279732E8 -479.8767430329283 -255.55407857281523 3.0000000000000003E26
8.151068869804762E7 2.3557932903619438E8 655.4061018987463 573.5836213129403 3.0000000000000003E26
9.015486301686624E7 2.0355068891744968E8 -539.6320469041084 847.6931948455858 3.0000000000000003E26
2.1077008647245523E8 2.5514635151309916E8 -949.1311954494402 -715.1112648678794 1.0E28
7.628346444319372E7 2.766613471387461E8 134.704661106932 -992.4379578553221 6.000000000000001E27
3.276812486327313E8 1.0286656516837755E8 613.675042375821 350.98640076097627 3.0000000000000003E26
1.0144640214823046E8 1.0500362370719875E8 922.7929543603259 -109.28645899556045 6.000000000000001E27
3.7171490616125137E8 1.074912391248748E7 -621.3650241528187 178.50781883409786 3.0000000000000003E26
2.714760773454133E7 2.2022466403459665E8 -133.12544170498734 -190.0188684676324 6.000000000000001E27
2.001292184282662E8 2.714140385946048E8 -722.7761295392742 736.0690440785004 3.0000000000000003E26
3.4462783857493126E8 2.1171714065160438E8 606.9739816370284 175.3632575011261 1.0E28
2.7853299699652576E8 2.8348741655106044E8 298.27640320105525 980.2227687413092 6.000000000000001E27
4.2260667286971927E8 2.2803990004543394E8 -520.9337992332173 -995.6140313665479 1.0E25
4.325042933330948E8 1.1853539685411664E7 -233.3953470067728 383.48636504183287 1.0E25