10
57.43372753671122 10.81161789511785 13.777782118393871 49.91423004313018 7.683448682676381
73.41557857446915 98.46726694126795 38.91015471208552 16.784241120263637 3.871502359221373
46.41624887117984 84.41149944564484 7.278078183278235 14.17293544029881 2.4002916188617687
19.3174071161542 79.72522372966748 8.5149393452884 48.96073664179979 10.445434299864933
2.9177494794085748 46.85763752140603 29.774721882913123 3.885390881978736 2.6196592789208255
37.41743712753366 65.66792756649475 20.016292451640396 36.68048130497188 1.8884807643505355
5.24733107458034 67.51238488923921 27.57480527484165 16.712285796024585 1.754015925006768
35.97961421751496 94.78358748658219 30.363957838790718 26.639996405848024 3.9172116466636835
32.362558969452344 6.087323149157409 49.79880121021569 32.95818089088891 7.631595039994775
24.70769766191066 50.13118203114616 40.70208322672069 8.211732740110596 9.810092980887873